#N 1000 1
#C Si
#X  27.152488853   0.0   0.0
#Y 0.0   27.152488853    0.0
#Z 0.0  0.0    27.152488853
#E -4.28428900509  
#F
0  0.186349526178  -0.0387670607919  0.0906811342934  -3.97858133959  -1.55868216111  -2.41716764059  
0  1.22593147125  1.175064094  1.23562004693  3.13369128229  4.93777076693  2.03345499659  
0  0.143590077118  2.84611750457  2.68980770732  -2.71595162215  -2.9178744995  0.0741076202971  
0  1.38413145955  4.02299860071  4.20478052427  0.524875440828  0.993254829769  -0.505222612935  
0  2.68871582184  0.173874821169  2.71668779011  1.32448489813  -2.94834221919  -0.565294657272  
0  4.17612792978  1.51283531452  4.10605954876  -2.88144030954  -1.48153727178  0.343915615217  
0  2.67735832574  2.83084573517  -0.00890571809643  0.701123752907  -2.37166651346  1.71528445898  
0  4.16219484062  4.13450696443  1.43360674329  -2.4593223264  -1.10434361656  -2.24860865632  
0  0.0176138655265  -0.0487476379562  5.31810043881  -0.396849745368  0.290057380861  0.387757555545  
0  1.35583199594  1.30139102756  6.81800011859  -1.53851740483  -2.11740323346  -0.37597067229  
0  0.119022336874  2.58828815156  8.09692239601  -2.1048562369  2.10364727266  1.58318927862  
0  1.16072453999  4.19361544702  9.56165815151  4.31228055687  -5.86168330993  -1.14522308047  
0  2.64008630746  0.0387238272027  8.19793794098  3.16113142222  0.225604459921  -0.782445657485  
0  4.02795007822  1.38456114683  9.66327055272  1.50875733513  0.996647771028  -3.37613877667  
0  2.52442451297  2.52648895223  5.60248300912  4.27635662623  3.19975981901  -1.31064339783  
0  4.13245683448  4.23231206898  6.71588046695  -1.02136996096  -2.00178986585  -1.36215913796  
0  -0.185304803225  -0.0243021617286  10.7283323519  2.98205022562  0.673693024029  1.28623991174  
0  1.34495078699  1.42680536457  12.2354418289  -2.17829712791  -1.92277944606  -0.955562472516  
0  -0.162116703354  2.62215105986  13.6054846906  1.41497827599  2.06791864244  -1.30075882126  
0  1.29637445689  3.93593287305  14.9660074446  -0.0743804368257  -0.741282230942  1.11446782252  
0  2.65352702504  0.151125969259  13.639593022  1.34949971552  -3.07477159571  0.151159612511  
0  4.03046001076  1.50895283697  15.1311331999  -0.260695279197  -2.47653957526  -1.95850592005  
0  2.82409631511  2.71170790213  11.0379982329  -2.99954803262  1.73851459535  -2.57626250992  
0  4.08261377894  4.16765854551  12.1388425181  0.453342198098  -0.0401496037615  3.84007807012  
0  -0.041202548246  -0.115667105807  16.3676124998  1.93756086159  1.90289261296  -2.29589278621  
0  1.30212936124  1.27766097725  17.6536532561  -0.982299912627  -0.320824577196  1.25592807023  
0  -0.0382258516588  2.6507013304  19.067670414  1.0610483674  0.789646134338  -1.90083137962  
0  1.38039614925  3.9608646881  20.3713840627  0.528049442569  -0.128351230788  1.7698694669  
0  2.59944629685  0.0222968417393  19.0360981465  4.20282269967  0.45507239564  0.308712527508  
0  4.24144360171  1.49586217722  20.3869125385  -1.99330326336  -2.5514203179  -0.692657576144  
0  2.66515848212  2.55003681261  16.4289956749  -0.475864843816  3.05051153311  -0.684951098729  
0  4.18600503824  3.97610001617  17.5865564563  -1.55672387845  2.64591535087  1.36288639135  
0  0.0890524799627  0.0286281047594  21.5589388353  -1.41137479982  -0.566118042703  2.13956224105  
0  1.52018215088  1.26019813439  23.0427247068  -4.24896233931  0.682501474723  1.47389670949  
0  -0.121080626684  2.91429247673  24.3454159195  1.88724742957  -4.60817218047  1.29497314404  
0  1.33292862795  4.00720034141  25.863290178  0.92319511695  0.707733370497  -3.03951743237  
0  2.69526661476  -0.16311413734  24.3691737811  2.72960203346  2.84278259872  2.00017075814  
0  4.11008469772  1.48788742326  25.757743758  -2.23395409063  -1.61502798039  -1.23250901817  
0  2.74365955147  2.56059575883  21.8931081606  1.78060277476  3.4513859386  -2.28549592434  
0  4.23916122345  4.26652090994  22.9252166615  -0.781049250246  -3.78424563248  2.30091646176  
0  0.12803946259  5.32489270971  -0.137351697219  -2.73965180548  2.05879623152  1.78154612608  
0  1.3269830589  6.6344843806  1.36904839583  0.0580759681286  2.83535543333  0.859947341421  
0  -0.0674695353991  8.32351411141  2.82761829132  2.08342257863  -2.20734722833  -2.52610454837  
0  1.43599660014  9.60831431336  4.10184535132  -2.10909498097  0.148984714705  0.649652638845  
0  2.83924803853  5.30664607869  2.59742585916  -1.58102466628  2.0521670566  4.63561367506  
0  4.04798530755  6.87303958743  4.23662028596  -0.552149674216  -3.34184661698  -2.97355319384  
0  2.90499276331  8.02603622859  0.0827567229147  -2.51025184189  0.0480558414605  -0.966969142813  
0  4.15711349732  9.59980551011  1.20933447167  -1.29115654096  -1.65007284363  5.08395586421  
0  -0.134034881786  5.25908740324  5.59538182195  0.0904881677192  2.99023011757  -2.92802210357  
0  1.53567025731  6.6874927844  6.63071493175  -1.00153299608  0.701618673946  -0.503352288753  
0  0.181925162144  7.99779291742  8.0222308769  -2.69225332495  0.413510943151  1.03031617154  
0  1.2623906928  9.44540549307  9.5206785235  0.776889798936  0.48378809036  -3.51283581157  
0  2.54741556235  5.23760196806  8.10127593077  3.21721237106  2.994703903  1.70003705253  
0  4.16938730156  6.68733083562  9.65258766791  -3.70127127815  0.870396296514  -3.23583531551  
0  2.78887341785  8.31032234973  5.24008082186  -0.289629500117  -1.30948430197  3.53080945995  
0  4.21909595066  9.37137010428  6.84214628862  -1.05709197317  0.46012475065  0.0307770706555  
0  0.165087789574  5.23939228982  10.7388670711  -2.16908272658  5.07196694293  2.88254845432  
0  1.29841147491  6.97284941269  12.059092504  1.91946554393  -4.18574235814  0.232683066605  
0  0.122357486042  8.01453066654  13.4664102335  -1.5919870305  2.17998605043  4.04922483654  
0  1.31037455832  9.60559386627  15.0775970514  0.903098950098  -0.851062649943  -4.42206156446  
0  2.53800111715  5.43915223606  13.7381582634  1.86863509132  1.37556365549  -3.44528761232  
0  4.19324817432  6.92209389424  14.8407376443  -3.3341137825  -1.39742741316  2.00693585608  
0  2.54282103192  8.30458220816  10.7012046432  4.42449324792  -0.645620272056  3.0600834612  
0  3.97794502162  9.66316359109  12.415466027  1.56839092697  -3.68715831703  -3.38447024003  
0  0.00193172256862  5.25585937579  16.4196212039  0.910787613859  1.34506350886  1.49613177422  
0  1.24128220574  6.98325356001  17.8388129262  2.06037169332  -5.77323860947  -2.98126180817  
0  0.0320761621198  8.06825228505  18.8229916622  -0.684161822198  2.73667416116  4.5224697315  
0  1.42831882462  9.57731760782  20.2184507582  -2.06950733586  -2.57827494226  2.52830340262  
0  2.71111011769  5.47723216085  19.1528387976  0.772926615485  -1.08432024005  -2.56493770593  
0  4.11064673087  6.75748266909  20.5145006715  -0.290528604238  1.44818560706  -1.80542959004  
0  2.54377298675  8.09899747131  16.3212047769  2.60517526798  0.797681387181  -0.218028396006  
0  4.25617551468  9.38117255998  17.5492464482  -4.11206027922  0.738985764318  1.6670185604  
0  0.129475381367  5.37097440446  21.8467362991  -3.48580802817  0.196681088315  -2.95482612147  
0  1.38866057709  6.72100027136  23.0225767807  2.12870697159  0.9314961163  1.18982873172  
0  0.158064539479  7.98602898228  24.5234080608  -2.53733635293  2.63512517179  -1.38484195864  
0  1.24694574107  9.69613184158  25.6691112675  3.23533583811  -2.47363635014  -0.437359442672  
0  2.77172840189  5.34171892976  24.4112511057  -1.08941896915  0.0577787113821  -0.254332592984  
0  4.07835033755  6.68493431793  25.7063553549  0.969852416748  1.8802418888  0.0610001018713  
0  2.83115765856  8.23174738262  21.7615924818  -2.54287119183  -0.737936846575  -1.56283002806  
0  4.11546419831  9.58708908316  22.9045052779  1.95149228353  -2.56057013956  4.4947263448  
0  0.196511716672  10.9509238698  -0.155816157385  -4.01551473828  0.53428976032  2.57523692092  
0  1.28954627297  12.3513087977  1.4465772413  3.13190885727  -3.35762307445  -0.841716412943  
0  0.190307041921  13.4071965207  2.84668394053  -3.08790842306  3.56007648757  -2.8605074456  
0  1.16938738256  14.9254403596  3.9016833309  4.33658614369  1.19689713555  2.75603678787  
0  2.74435064966  10.9107688242  2.88681125947  0.206905698088  0.209044590679  -4.72713932875  
0  4.14529465147  12.2578845959  3.97311077778  -0.283528199188  1.70583992271  1.65923046912  
0  2.66979508232  13.5548721559  -0.0210917511395  -1.14035597498  -0.765083420628  -1.09712802379  
0  3.96566797116  14.859493749  1.18410036014  2.79335585685  1.75681928144  0.706447974406  
0  -0.187250259959  10.7510920465  5.53641235286  2.44082107914  3.88867187578  -3.62665854295  
0  1.48434897097  12.1647489423  6.60046415063  -1.08600566823  -0.74144608429  1.48308265753  
0  0.184482150142  13.4720867139  8.12644981031  -1.85857167398  -0.637429671243  -0.868854451172  
0  1.37244339169  14.7988036171  9.50819832171  -2.09053016965  2.263975093  0.559709881775  
0  2.68193765848  10.7140478732  8.05550977699  1.16757050139  1.10905175652  1.71372846009  
0  4.05110657377  12.1219821635  9.67498966185  -1.1578950286  -0.183488662154  -4.48032819415  
0  2.87137321153  13.6554359655  5.54237740923  -3.02463324353  -0.717565618515  -5.01365304566  
0  3.89301891776  14.8449057729  6.82736427154  4.11270818662  2.41774253571  -0.836393172667  
0  0.126568280157  10.8692076387  10.6659401185  -0.986543568697  0.73845640842  3.96299678471  
0  1.55257827381  12.1068853181  12.3515994079  -3.27759875282  2.42800953391  -5.64067729605  
0  0.103243842665  13.5372273833  13.4060224045  -1.19265051398  2.27451055136  2.76218380955  
0  1.53132853105  15.1021939588  14.873168915  -0.719878206246  -2.9256642861  0.458341727599  
0  2.64248012649  11.0280912762  13.453267257  0.536520433826  -3.70560696135  5.14937650731  
0  4.13450281887  12.1012459238  14.7834745832  -1.01546192784  3.63835507344  1.12133746223  
0  2.6302614619  13.5834130455  10.6855854667  1.41120519795  -1.12246637884  3.97850118168  
0  3.96164496665  14.9631729678  12.1888932364  0.761874866444  -0.95610696579  -2.95416962044  
0  0.0882942917435  10.9989602884  16.2181160245  -3.17216643217  -1.3606688591  0.740079158696  
0  1.32309107205  12.2205852963  17.4496214876  1.44941736407  -0.742845052305  4.40451293195  
0  0.0958338945372  13.6535246593  18.8709071819  -1.45979155473  -3.2716255017  2.07619993337  
0  1.21715330365  15.099725926  20.2679856978  3.75288575645  -2.83931274504  0.497639888437  
0  2.65651443606  10.8081558436  19.0948660052  1.58315796819  0.750152549526  -5.61885237984  
0  3.93372926627  12.2603131326  20.277637346  1.59646207572  -2.05684944395  1.86356273684  
0  2.7835591568  13.4579482128  16.4724099529  0.931609343965  1.84232982608  -5.03584836393  
0  4.00766853953  15.0414573697  17.7345852795  0.173214938448  -2.34345934786  -0.454966921183  
0  -0.0141243436712  10.9959640194  21.5726937946  -0.871667186752  -4.61370791553  1.78097724297  
0  1.2170584439  12.1906880179  22.9643395944  3.36841752531  1.76743056177  0.708036372926  
0  -0.138489012643  13.7161958076  24.2601704876  1.71631871832  -1.03418226535  -1.28160475498  
0  1.26240121097  14.7589147571  25.691779124  0.708411220219  2.3794086844  0.701347160433  
0  2.85451108472  10.7937736158  24.331289021  -3.79821855011  0.922329302414  -1.22328550487  
0  3.89430407811  12.2007674277  25.6128864324  2.25855863154  0.508421951916  1.76373002319  
0  2.86873358937  13.5782908145  21.5955373158  -5.46157087093  0.935874691592  0.179614484031  
0  4.24802380833  14.765139796  22.8935578217  -1.27696933934  2.72046466104  2.04855169832  
0  -0.0408904456312  16.1898573702  -0.0406095918978  1.12805698728  0.9156921073  0.78365641656  
0  1.41082378851  17.4881547415  1.49019818623  -2.2068060151  0.851201703017  -3.37130304211  
0  0.102855277345  18.9618148004  2.71551985149  -2.59959532731  -1.86954238942  0.850997670547  
0  1.42950311373  20.1797594269  3.89484433673  0.0787411024949  2.77359120665  3.48972577502  
0  2.74354599076  16.2896249051  2.57276810682  1.77831236009  -0.410303249515  3.9250556942  
0  4.2244568023  17.8256534076  4.18693517542  -0.0132013863615  -2.31606982806  -4.28063108377  
0  2.54972163707  18.8175030536  -0.110886557259  1.8354776182  0.987838143241  0.889372208071  
0  4.0683975896  20.1815006343  1.28399423479  -0.866528720265  3.64680330426  -1.74402725307  
0  -0.192925320917  16.288442807  5.27322229782  1.80937366328  -0.496618512058  3.2551358762  
0  1.23723920723  17.6134517555  6.94699928964  1.77129084886  -1.96085530349  -5.3081272939  
0  0.0691676383161  18.8536078713  8.07254975606  -2.81931325287  3.14255575636  2.570629645  
0  1.23058614136  20.371949093  9.64336466095  2.5334352015  -0.405495806236  -3.70370398677  
0  2.55497879695  16.1008510777  8.15604005531  1.29661032418  1.93919247323  0.291118826162  
0  4.19032006194  17.5015272965  9.31795167421  -4.2334615331  1.07059983539  1.27623693481  
0  2.8087396097  18.935006542  5.4120761396  -3.77974239825  -1.33237276386  0.979604410446  
0  3.95675732829  20.1853219671  6.70311599818  0.600037462643  4.47644235102  0.711785171973  
0  0.120576895142  16.415801655  10.9582737472  -1.26489823107  -2.78899707901  -3.60037251957  
0  1.30574680323  17.4922389402  12.2572903304  2.21381006675  3.26113061165  0.246862591616  
0  0.0743094084952  18.9080480657  13.6326248652  -3.23395431696  1.38300293711  -2.39030314334  
0  1.26757904188  20.2470656546  14.8212097067  2.17447962309  2.17983328988  -0.299217078774  
0  2.90776168199  16.3728182719  13.3834294822  -2.06634773826  -0.120173038725  2.39909682284  
0  3.92600175815  17.8071695643  14.8729104518  3.58838387986  -3.71355399489  0.865028800231  
0  2.68147109028  19.0862256513  10.9804300683  0.142953183462  -2.19426549429  -1.3093104643  
0  3.88084005872  20.5292594004  12.3564877671  5.82922884937  -4.48002900452  -3.01018126722  
0  0.028671971759  16.440363343  16.2573193268  -1.39722068945  -3.10108165203  0.396916332222  
0  1.30196621448  17.5690686026  17.6693922863  -0.0920126515338  2.07484472689  -0.420018562861  
0  0.029315145978  18.8771090797  19.1865944639  -1.43018763026  1.34374551515  -3.18418682854  
0  1.22944452634  20.2574783437  20.5075711536  1.70359325616  1.28957819375  0.757384318889  
0  2.63794913788  16.3269910127  18.8357963287  0.646196647309  0.853026152034  3.06481279109  
0  4.08476269252  17.7406518822  20.2373602894  -0.287855645132  -1.54886418691  1.39853659401  
0  2.5155024946  18.8232129787  16.1002043062  0.698104046303  3.00546447502  2.7470149957  
0  4.23233506402  20.4967154428  17.615047862  -3.35662636687  -0.768499824875  1.15319311156  
0  -0.0450139303167  16.3106185678  21.5711321846  1.37681620166  2.55507112867  3.13243634975  
0  1.47108747533  17.7318937447  23.155424101  -2.89208879043  -1.23521812257  -2.32834223366  
0  -0.0532458796886  19.169775939  24.3138856637  -0.744444131029  -3.32003632302  1.81767843515  
0  1.47149427195  20.3285780956  25.6560366676  -2.29261422443  0.731762376556  1.65864489034  
0  2.64974334855  16.3449218393  24.494687961  2.25967489251  -1.82700365269  -0.719115602912  
0  4.20445873947  17.8358855676  25.6409481613  -1.5566736305  -2.9873053766  1.66542957771  
0  2.86201377091  19.021769792  21.8302222283  -1.76558620086  -0.108131463127  -2.01261904236  
0  4.05439128827  20.4187701602  23.0442095514  -0.152002832293  2.22245737794  1.19127808761  
0  -0.166998361048  21.6509441032  -0.196365828537  1.99058510479  1.4513072255  -0.0539482172679  
0  1.32730450368  23.0888685092  1.20347720503  -2.1870368064  -1.4896542869  2.79534061678  
0  -0.0730863351973  24.4300796911  2.83100758283  -0.258463596705  -0.726249927032  -5.27438233622  
0  1.2226070312  25.7142361758  3.90115965186  4.22694213933  0.987215323278  3.05471483065  
0  2.76451563296  21.771329955  2.75857091003  -0.317089364117  -1.08042402208  -2.90965433403  
0  4.20767218654  23.0487693496  4.0351894884  -0.671374617998  1.74519395362  1.25443754777  
0  2.56337748175  24.4793662468  0.0857104811553  4.02205351884  -1.14868302981  -2.4802302494  
0  4.26264970222  25.6803620394  1.18978609503  -2.69371806737  1.71183042851  2.10489375382  
0  -0.11353572382  21.8972025151  5.36111059579  1.53021349581  -2.81943277276  -1.03879271105  
0  1.30164834115  23.1803085028  6.62129723485  0.67005807148  -1.87654516239  0.582363162943  
0  0.155716186014  24.268335496  8.01976683917  -1.49815721707  3.17348163713  1.90131028885  
0  1.51886722245  25.7983224362  9.46604751088  -3.64313859811  -0.990818080156  0.294792002673  
0  2.62652885935  21.8576340984  7.9856765263  -0.68903348112  -3.04943284416  1.68631785662  
0  3.89898851669  23.1425503956  9.55352073253  4.95337540167  -1.83356270896  -1.72262294704  
0  2.76496321127  24.4595116869  5.61045653355  0.209961966636  0.655628063665  -5.39316880522  
0  4.1589578286  25.9158474656  6.71064046318  0.171456037916  -0.670290537307  2.76405103298  
0  0.0666312371043  21.6433083021  10.9297893004  -1.8130895137  3.57304103683  -2.28749374314  
0  1.40325085589  23.0384316667  12.1632955108  -0.83167956288  1.41270094578  1.2137258464  
0  -0.172835101378  24.5010213461  13.5228465212  1.91770339555  -2.20838179331  -1.31727676929  
0  1.26432685622  25.659726218  14.9573460777  0.493992474454  2.88835936028  -1.19720949577  
0  2.86814469282  21.6332567513  13.3834882042  -4.08241216669  3.46706514028  5.76385788443  
0  4.13005788629  23.2777709996  14.8572010223  -0.756926644617  -2.97759153915  -0.683949127717  
0  2.78291822965  24.423192599  10.8378947672  -1.29285609593  0.421017672275  1.01018606918  
0  4.18458522259  25.6601843091  12.1816170691  -3.96805411641  4.41610572351  -0.132040748549  
0  -0.1542522645  21.5385539827  16.1920040837  1.34707472307  2.20676694281  -1.24286659074  
0  1.2707839773  22.9222838198  17.594379691  1.37243544665  1.65428907847  -2.34276077046  
0  0.0782849803628  24.3312622044  18.926432366  -0.662506885045  2.46624264978  -0.597415330177  
0  1.4462693644  25.7515910499  20.3788082181  -1.28888059467  -0.819972480282  -1.58107665112  
0  2.52496523311  21.8124646028  19.161149247  1.31160091914  -3.99008514557  -2.18180637896  
0  3.98558054273  22.9162219934  20.3910820594  1.51195065104  2.30010899518  -0.568859223705  
0  2.86409843633  24.6310513505  16.190082156  -1.4486635583  -2.77400642322  2.4999791501  
0  4.24073375018  25.8552335427  17.6787701038  -3.04872403975  2.11749879619  -0.137494396217  
0  -0.126767593773  21.7229028058  21.8349028339  -0.857131126126  0.358385422452  -2.60803509827  
0  1.184689203  23.0861169038  23.1363919299  2.76700921079  1.33216916117  -0.13876776501  
0  0.0394763580477  24.5640235716  24.5954936601  0.0174699246755  -0.434389872654  -1.34601851213  
0  1.52716524097  25.8597884564  25.8622150003  -2.21892648186  -0.488308099378  0.0231029655349  
0  2.7207764419  21.8714393998  24.5737395385  -0.779763047631  -2.31586203294  -4.39816066196  
0  4.0051469051  23.077740105  25.6290028115  0.757542438635  2.77886689905  4.7036775372  
0  2.77866819641  24.364696109  21.6098123826  -0.877231349372  -0.0980764812761  3.89764004336  
0  4.12945301349  25.6521383714  23.2553327825  0.801585231138  1.42987020419  -3.6592406216  
0  5.36681168691  0.0620257400335  -0.103161211854  1.2471883935  0.688604810296  1.17259289196  
0  6.88612816416  1.40790880933  1.20170056303  -1.6591009431  -0.960380363995  3.58342022175  
0  5.24572927087  2.79879548662  2.69805079378  5.88348698603  -0.694926126791  -0.608901314744  
0  6.94349369543  4.06116975765  4.02583649255  -2.55447303704  -0.23651033156  -0.341014696601  
0  8.26576917379  0.0293255228271  2.85675025294  -3.7288661061  1.28458687644  -0.891712775808  
0  9.52941807905  1.35214398942  4.07180856043  0.190353569301  -1.06155916256  3.47253263055  
0  8.325468624  2.55022231748  -0.0963673444286  -1.68337735933  3.98764340216  0.380052560306  
0  9.39537889223  4.1698909427  1.41176770782  2.0124549978  -2.55198654428  -1.07332412452  
0  5.48293815326  -0.0419249134505  5.23759837544  -1.41150785073  2.37001564828  2.82697627669  
0  6.60139776673  1.45708374434  6.80156645562  2.25024420705  -3.48840283544  0.756433440276  
0  5.48017165685  2.90147216346  8.00940303761  -2.04956924593  -0.882312429446  3.77733711631  
0  6.82813906  4.21189346524  9.53779922269  -0.715699895353  -3.11707364474  -0.659073295796  
0  8.30633829492  0.136451334342  8.25817313078  -3.6895499399  -2.54778889469  -3.40917478334  
0  9.31713375454  1.4685876715  9.60385525594  6.55595609248  -0.338419001578  -1.0804629071  
0  7.95113548375  2.56798972901  5.44667726031  3.1680250103  1.41174245808  -0.574926201476  
0  9.535335359  4.00275011331  6.68374458919  -2.85667015023  1.06959119876  1.69207980933  
0  5.41740562351  -0.0382031740935  10.8378883313  -0.541656651583  -0.659193472626  0.41447612627  
0  6.61332793144  1.17185223914  12.2856872575  3.63384490759  1.09856781391  0.991965246799  
0  5.40789966695  2.65549813275  13.7121760581  -1.31049643487  1.77826877778  -2.38292311013  
0  6.69117373383  4.12831120596  14.9183429073  2.51463803866  -0.683279227861  0.0828460824302  
0  8.3446489895  -0.143721140041  13.6177770077  -3.89108973623  1.56080125634  -0.912898489049  
0  9.60244956232  1.16836403522  14.9324041527  3.03918706586  1.12857892511  0.306080391845  
0  8.31783766905  2.83138344738  10.7754914452  -4.47778270786  -0.191598882242  1.55029041636  
0  9.53533138881  4.06979996  12.0602644566  1.55925551129  -0.776486000461  2.15530671311  
0  5.44643501646  0.147832290095  16.3145284386  1.4283642431  -1.3092928892  -1.22963724634  
0  6.92821942925  1.54357994557  17.5093364388  0.115367250655  -2.85687921921  -0.0886707077015  
0  5.61169508339  2.60269258598  18.8352603609  -0.0117712480788  2.99228454857  2.52743273331  
0  6.91983584613  3.93171436255  20.5544378356  -2.36790203267  1.42164139414  -5.41746767586  
0  7.96840315127  -0.114550339066  18.8928241301  2.94356301308  2.9501886123  0.748210331599  
0  9.53740364533  1.21775142334  20.504249935  -0.481037717593  -1.37991905891  -2.89918245394  
0  8.33839369213  2.67958847796  16.1289941998  -1.79865582639  1.25675400462  -0.773062503327  
0  9.53811509066  3.93672345993  17.5774569968  -0.954679089296  2.28336268631  -0.418372627656  
0  5.54087950502  0.193390231787  21.8998601709  -2.76331308644  -4.7388230029  -2.30881727445  
0  6.76190213978  1.36549750896  22.904839942  4.85693111663  1.67733670101  3.3845575529  
0  5.56609319979  2.71117257458  24.4441699945  -1.46955198113  1.35536332495  -2.84331399149  
0  6.92614427747  4.06266808456  25.6182535634  -0.893965989924  -1.53607084675  4.79095767426  
0  8.31206512764  -0.0079219756547  24.4531025304  -3.11888531481  0.403706488054  0.0589390050482  
0  9.69472205892  1.3697615524  25.8878922377  0.691759903607  -1.96255588935  -2.43091035288  
0  8.26920462669  2.83063224453  21.5379700439  1.2763496751  -1.52889805212  5.02550811095  
0  9.52351454721  4.18452470282  23.2595213146  1.29273402812  -2.61030698657  -3.24243269517  
0  5.23894567229  5.5600605808  0.170716649997  3.79405821385  -0.356838787677  -1.40927075377  
0  6.93465336589  6.86836028111  1.33888813097  -3.01976482217  -3.45264933006  3.67870930694  
0  5.38201146036  7.99366718861  2.90274048759  0.561005668015  2.37180876654  -3.95351490783  
0  6.59238173565  9.63349818974  3.98751302978  1.71912703576  0.761237880111  1.43661919668  
0  8.32935837803  5.45050762744  2.84392254894  -2.20575795607  1.58648632688  -1.24843392774  
0  9.51389123799  6.84737989356  4.21290732526  2.01316102528  -1.07133634455  -0.974330320466  
0  7.98227521493  8.04883249202  0.183996022289  3.73249035775  1.87964757978  -4.40509705787  
0  9.31834551534  9.4467022456  1.49729295222  1.47457040846  2.04874344956  -2.14459057327  
0  5.6246422264  5.54896961742  5.35229818597  -1.36590585747  -0.853307237274  0.624454038008  
0  6.74017603176  6.91142041356  6.7992616845  1.40318605901  -2.58270082557  0.829019724415  
0  5.58678127789  8.03016406582  8.30300283827  -1.3060402807  1.96505882609  0.257990576659  
0  6.90570580949  9.66999658966  9.50025372737  -2.24281858525  -2.31840336807  -1.46221881684  
0  7.96323795664  5.41531063438  8.27866675124  4.54727554955  1.74422387902  -2.62163016917  
0  9.49380751307  6.86602032446  9.69093292027  0.758356124091  -1.93595988221  -3.07681473691  
0  8.23509462082  7.98626588112  5.5853365876  -1.46219213867  2.05499879095  -1.44770858595  
0  9.32125033301  9.61550086042  6.60776882168  3.5668262963  0.561308689655  1.43336496025  
0  5.49058817018  5.43126737911  10.7291394213  -0.277842935712  0.0484829138434  3.31219514253  
0  6.72539210111  6.80811155018  12.2111198348  1.84796708155  -0.462186648313  -1.59396468261  
0  5.54475605832  8.06155148261  13.6675047687  -1.35894340518  3.35508654675  -2.26062062224  
0  6.74721577669  9.68014390904  14.8337181942  1.88214517739  -3.01645079803  2.1968804157  
0  8.18634570951  5.28383047534  13.3933890403  -1.96166258204  1.01356657785  0.736178831227  
0  9.42445132739  6.63537613586  14.780851543  1.21834954178  4.03316232324  1.27161421875  
0  8.03843692694  8.26878121938  10.7058408548  1.69061413769  0.223946474572  4.69661541483  
0  9.42278749756  9.70005274835  12.3185314257  -0.459889634443  -2.98349771422  -2.04333507324  
0  5.45559983848  5.62715180962  16.2437950251  -1.8635275705  -3.08458227934  -0.809880215598  
0  6.69728186343  6.72839116424  17.4739313773  0.374967956532  2.98981783968  4.11874604054  
0  5.42908347653  8.21687591498  19.1569843881  -0.0410812243288  -3.5537571415  -2.95518095578  
0  6.72772828515  9.46015980104  20.2355689855  1.66488506519  3.57608557334  3.28800685556  
0  8.00100141981  5.36993232194  18.8658686853  1.76221973456  -1.32871041096  1.08797745346  
0  9.60576533987  6.62765520239  20.2865053784  -1.62847789463  0.1966863105  0.643468659913  
0  8.1942165044  8.18985914177  16.4852965406  0.0143378054859  0.447303253569  -4.43477893653  
0  9.6895874999  9.52763976967  17.7901131105  -1.03299610609  -0.360179031051  0.36462672597  
0  5.50514896874  5.43984695929  21.5551102548  2.24942824539  1.35816559516  3.06408733413  
0  6.91134616609  6.8097176537  23.2057880921  -1.70778268332  -2.45898095067  -0.777117283093  
0  5.62216056996  8.2005185282  24.5328632916  -3.34716612411  0.134606321732  -2.70211903917  
0  6.92345995595  9.56274775556  25.6928948982  -2.69077453269  -0.258854415669  4.75736070124  
0  8.18392697186  5.31764838392  24.598038121  0.372166871462  2.86564989317  -2.5075669417  
0  9.65800582749  6.6544296758  25.7169042279  -3.69633394772  2.13739864518  2.8416020972  
0  8.05025717877  7.98447313893  21.6918346264  3.35950112216  2.70268053946  -0.649052811319  
0  9.60614315609  9.62981628293  23.0820394375  -3.3279037425  -3.06831926683  0.541427170617  
0  5.27632528591  10.9241441294  -0.0161768920208  1.66560716031  -1.05401078889  -4.48375098408  
0  6.66150165735  12.0745416923  1.18921368132  1.13756834809  1.13363888681  2.55135354886  
0  5.50969467378  13.574595597  2.56860600484  -1.2520229756  -0.224837797427  -0.641539691313  
0  6.92166552743  14.8389461679  3.92441294782  0.441390410037  0.147927725492  1.14883122831  
0  8.21409063807  11.0487565127  2.73375705424  -2.03447097968  -1.46254306574  -0.154352388168  
0  9.6395931705  12.3440905998  4.03159671571  -0.890739943497  -0.137861794531  1.5804177101  
0  8.13638053553  13.400043037  0.13557741283  -0.14907879287  2.54796969169  -2.6808576789  
0  9.35997344571  15.0370659045  1.36732794284  0.99115706666  -2.74309077688  1.26938839629  
0  5.2949351857  10.9947369104  5.51799256966  2.58276391036  -0.259024109115  0.0985327277759  
0  6.95391372408  12.3215410855  6.81684369702  -3.50244686106  -0.564240731243  -0.950725008147  
0  5.28448846778  13.4575397353  8.07695500036  1.62338519112  1.23864187711  2.18531045746  
0  6.93771010517  15.0025286179  9.58772677187  -3.4503671103  -0.621063983513  -2.77879456053  
0  7.94638832621  10.8771583301  8.09010124089  4.42823962879  1.09989654805  0.523412268827  
0  9.54527316444  12.1614427793  9.55961381858  -2.02574397506  -0.849347827188  -1.28432549361  
0  8.29469856415  13.5943831133  5.53148875591  -0.329614886438  0.31004452018  -2.1067084928  
0  9.57891733375  14.7942055006  6.9317537436  1.0966184697  1.77630908682  -3.85016866063  
0  5.40399732374  10.7207843058  10.6630876058  0.182038919814  1.30706418339  4.98857283479  
0  6.85726950313  12.3099616247  12.3736982813  -2.13067713664  0.5995991863  -5.25833917253  
0  5.42590135242  13.7028571777  13.3941116433  -0.193915775014  -0.425468210169  3.85316209375  
0  6.68415111035  14.9926564969  15.1109789772  1.10148982446  0.852835924803  -4.97473437295  
0  7.98107180444  11.0226013003  13.474996624  3.2765081258  -0.171666534998  3.62620666093  
0  9.65040196457  12.1641644404  15.0037696348  -1.86430719808  0.817980959879  -1.85099412693  
0  8.0797811688  13.6622356436  10.751951049  1.53444291104  -2.63348496773  1.88176351292  
0  9.5108185618  14.8972458488  12.0346812886  -0.250434915572  -1.25359661776  4.56477897563  
0  5.3585589046  10.7762811692  16.2022143646  1.3560126355  1.38164235992  -0.0999822556739  
0  6.74270231133  12.2511639125  17.4632534049  0.466128429561  0.217700473253  2.24303477344  
0  5.23327785319  13.4915583103  19.0446055581  3.08378492062  1.47599185263  -1.95378973171  
0  6.75597187818  15.0246237782  20.2708647149  -1.41922945468  -2.68195995699  2.01897886882  
0  8.3156408307  11.046581236  19.0338673032  -3.50471791367  -2.20912098562  -1.39103944375  
0  9.42951000805  12.2805934729  20.4504008617  2.62572606783  -2.17951172774  1.44943000985  
0  8.16743229215  13.731716487  16.1560302364  0.699182743377  -2.42448804895  1.07880351539  
0  9.69431224242  14.8699084151  17.4998925132  -3.49330558146  1.23295842994  2.6550034571  
0  5.30168829181  10.9748771185  21.8913586964  2.37721169042  -0.0823434740845  -5.06910037479  
0  6.97082446318  12.1709233359  23.0450190007  -3.21240755281  -0.859018351594  1.10656871608  
0  5.43570763787  13.4267771785  24.3057346334  1.23005175868  1.21062320848  1.15553629535  
0  6.88861037895  14.9151234481  25.6789381006  -0.988781306238  -1.07093156437  1.72717420266  
0  8.03285651473  10.8867964832  24.508089978  3.9129821743  0.426973335572  -2.28297313617  
0  9.49091281411  12.33481437  25.6452733122  -0.0236609809433  -1.46388650834  1.76933290306  
0  7.98906389499  13.4366243617  21.7301300842  2.05511667226  4.4593082953  -1.00315088118  
0  9.55195064964  14.9898794131  22.9708826044  -1.61167679091  -2.0656538807  0.378447354877  
0  5.49419487935  16.4064906779  -0.0277981202729  -0.312080982719  -1.09754257465  -0.800482163118  
0  6.71201205485  17.7974554137  1.50454404552  1.77984494565  -1.54129724445  -2.24357690982  
0  5.55339219656  19.1707314942  2.56549658369  -1.90845765516  -1.3707807923  3.08360396992  
0  6.88239365036  20.2205149531  4.07360311754  2.42055175635  2.15538280948  0.451879843379  
0  8.16370705226  16.4079825289  2.73699290003  -0.984064046924  -0.618765166335  -0.455892266685  
0  9.61819140529  17.48527083  4.03737617445  1.10548681757  3.62044634457  0.57306534792  
0  8.15085845734  19.1434194644  0.196029999842  1.15701902508  -0.629436576807  -1.26208822742  
0  9.69832278228  20.5130105858  1.52171755226  -2.46300917798  0.201109741287  -2.64529656622  
0  5.56050996908  16.1979852186  5.24047439845  -1.11186705857  0.320487831966  3.9317713053  
0  6.84082231291  17.77465678  6.80728347384  -1.71958124867  -2.81138370276  -0.160410274889  
0  5.2563674835  19.0764695061  8.12286146942  1.56650235309  -1.83082245517  -0.982885483912  
0  6.65525960331  20.2391286449  9.40506674518  3.41039865531  0.873906781445  -0.218640857041  
0  8.19296299217  16.1136589524  7.98134722169  0.36633684873  3.56684677288  2.90101876937  
0  9.64728275397  17.622297547  9.52435069832  -4.88338241832  -1.69729661607  -0.313347572171  
0  8.3364760578  18.8949421266  5.62592760626  -0.494172260908  0.418937706476  -3.91382371417  
0  9.46354282011  20.4762618608  6.73061869122  2.06049060088  -3.43786235699  3.01971448411  
0  5.29459267074  16.2718400411  10.7553316135  3.11122927632  0.436251402557  2.1021665308  
0  6.84858630432  17.7074434236  12.1734970329  -1.56157021087  -3.40660303608  -0.627860516996  
0  5.56375234948  18.8301307723  13.5656547164  -3.17399832375  2.85962103578  -0.549058932591  
0  6.59962401353  20.3834800218  14.8158149162  4.63527248355  -0.393314685891  -0.774044529267  
0  8.25044968962  16.4238752173  13.5525560779  -1.69265409217  -2.99332867878  0.594210685879  
0  9.46698685754  17.7216625347  15.0299755846  1.66329421075  -1.05227819652  -1.23309750901  
0  8.06177665012  18.9212852952  10.9003038228  1.0270143553  0.831366590949  -3.16707488484  
0  9.3550363009  20.3306900609  12.128538116  1.70791163464  -0.937549728094  -0.232181070196  
0  5.35426057066  16.2010728199  16.3696201096  -1.42028654605  3.93665531836  -1.24222798994  
0  6.76695059841  17.7138357682  17.5686328994  -0.22013889544  -2.11739383075  2.90438942238  
0  5.51811141133  19.0839149422  19.0988737878  -0.249985690006  0.384906808671  -2.18846469606  
0  6.86267967619  20.404306927  20.4092276026  -0.912857872167  2.11134382761  -1.50775515114  
0  8.09042540057  16.2796417463  19.1615514397  1.00267089017  -0.495477458056  -5.04608635204  
0  9.38576929995  17.4497405296  20.4677646647  1.0329171435  4.65048548516  -2.61073931824  
0  8.27284855586  18.8146072463  16.4213454434  -2.38833438323  2.0049271576  -2.5880242215  
0  9.47160971469  20.184049468  17.4801625687  0.0888133250146  3.73425252876  3.07255024708  
0  5.52454379248  16.4172090029  21.7560807367  -2.01066385348  -0.887152332983  -2.37908943743  
0  6.66195755224  17.8323530016  22.967803044  3.75624609624  -1.64277292252  1.717291694  
0  5.33736753381  19.0511266381  24.2517527619  1.74784382647  1.81699359029  1.46829407954  
0  6.80020882877  20.3340898179  25.7467105654  -0.875381300508  -0.928829725124  0.316156547872  
0  8.30681227637  16.2964659652  24.4190928053  -3.04506390726  1.47050466692  -2.16137621685  
0  9.45473691577  17.6784751331  25.7793100867  0.520814249444  0.515048849192  2.4739364674  
0  8.09891849024  19.1450003285  21.6080173129  1.6883547395  -1.66903349597  1.90701051637  
0  9.50563079649  20.4369774578  23.0716376088  1.88056330243  -2.07929048782  -0.0765914364341  
0  5.62037563151  21.9054778549  -0.12362328055  -3.75145182242  -2.44755144393  0.284665946566  
0  6.63133499482  23.1911715068  1.41260566932  5.79480991091  -0.601955516344  -2.77360108154  
0  5.59326361354  24.3808668301  2.52652204459  -1.88129790294  2.78978097522  4.72131446648  
0  6.7824957697  25.8588371123  4.26380486531  0.981210776546  -1.80196478875  -5.4551835006  
0  8.2284554935  21.912171343  2.71085479265  -2.32163342125  -1.88015054527  0.830622880114  
0  9.37320525193  23.2345099973  4.11149828395  4.87250579798  -1.42133903673  -0.802765304303  
0  8.16851336434  24.6300358245  -0.0845371652082  1.89376609351  -3.97540350521  2.81872160754  
0  9.46117167755  25.9893668561  1.54436900367  0.677908513196  -2.84132874574  -2.67951510174  
0  5.50669827612  21.6283572012  5.42156833384  -0.629020319382  -0.0122082452356  0.95577046806  
0  6.71856423109  23.1968379159  6.91152432606  2.00859009507  -2.78923220799  -3.13262447781  
0  5.62172980656  24.4652001486  8.15972078518  -5.4632484106  0.759364826171  1.12324355365  
0  6.77143622787  25.7693438449  9.55106693165  3.47503943751  0.828968732436  -0.161509995402  
0  8.19317927411  21.6836609709  8.02793038225  -3.77780934131  -0.447613104791  1.32272436776  
0  9.35091505151  22.9859907842  9.34910308077  4.52532612982  -1.14116416947  1.84325294288  
0  8.07296654581  24.4198661776  5.32543775085  -1.02843112996  0.123208986421  2.87271691921  
0  9.49048708559  25.6386251246  6.64614490397  -0.0118379085055  1.80877931964  3.61910310267  
0  5.61361569071  21.5410837188  10.8760085108  -4.91176884179  1.86309442159  -0.234870702272  
0  6.61253921123  23.0475841711  12.2108737719  3.67640589202  0.96764667312  -0.413316237855  
0  5.28073320117  24.5879693764  13.4386870063  2.26365960681  -3.24094486056  0.682569385181  
0  6.62298617585  25.7257972214  14.7369072906  0.909235952569  2.95462456287  2.0400752212  
0  8.28263749236  21.6051183147  13.3770597029  -2.82333453401  3.26493661218  3.67885397424  
0  9.57919448611  23.2422633704  14.8796920996  -1.28299764266  -5.64605022826  0.887581467401  
0  8.33259885637  24.3124135364  10.8094172621  -3.23501006497  1.54875239869  2.19379743313  
0  9.57577085231  25.8885190204  12.2641558425  2.12673624105  -3.52118827994  -0.881864279538  
0  5.53265811508  21.7290735568  16.1486408605  -1.64935680535  1.90447765385  0.7509420922  
0  6.79842593117  22.9390443485  17.7832508072  -2.68029604167  5.36253743625  -2.41846805035  
0  5.25841268831  24.6082255617  19.1226769864  2.55621318618  -4.14209824385  -0.0988862571051  
0  6.8163426016  25.8384506111  20.3600196261  -1.44430773121  0.475254050526  2.02355203474  
0  8.06081537214  21.8844351014  18.9096175972  4.00689371648  -4.7734649311  1.20609260763  
0  9.66121409115  23.0370988362  20.3090677936  -2.57979301435  2.95877370854  -0.449836302744  
0  8.02650533149  24.4349794795  16.1111234564  0.747676379091  0.381439963911  3.54964823089  
0  9.63266309057  25.9120553916  17.6589285519  -2.80710209928  -3.9058529167  -0.0315123248928  
0  5.47670948092  21.791901941  21.7406401017  -0.804869272747  -1.75439016328  -0.419225221362  
0  6.7410919987  22.9894488963  23.125791084  2.15036166676  3.43072874247  -1.681236823  
0  5.56739608127  24.4519425746  24.5487551849  -0.753103001561  -1.29535287414  -0.647553183471  
0  6.74502821038  25.7483507438  25.9817759524  1.45387361406  2.97052582237  -3.74436927959  
0  7.9545238041  21.549867533  24.2837819795  3.35101324135  2.06884485303  2.57364152599  
0  9.68851084042  22.8885123656  25.7716199009  -5.51583606729  2.59627139607  -2.06485230778  
0  8.31178245859  24.5909210107  21.7114584696  -2.5244552795  -4.11707867089  -0.86227432398  
0  9.54440091489  25.8273862168  22.9227919375  -0.284710273909  0.723375610088  2.24861710128  
0  10.9161822616  -0.130619864933  0.0460157986135  -0.879265871847  0.794278842473  -0.0505106517287  
0  12.1158368251  1.33402010278  1.2108355029  1.61592707678  2.51137010891  0.828544806203  
0  10.7611528254  2.64938268605  2.82828778469  2.83516799887  2.86731615935  -1.48357335042  
0  12.4152056427  4.17803062224  4.23820272317  -2.17029204692  -3.54426856793  -2.24656645668  
0  13.6726554473  0.162651882379  2.51874596771  -3.30306768015  -0.845118237848  2.39402215967  
0  14.9562578076  1.25381316043  3.89131419975  0.209199987253  0.289900262684  4.59653026124  
0  13.7042813119  2.73613607141  -0.172344440184  -5.99293194692  1.91363755667  2.42506009881  
0  14.8048338077  4.07920325275  1.21591885405  1.66765317749  0.0355353319544  3.35578670808  
0  10.9469492015  -0.0102858825911  5.62766352802  -4.15178352568  -0.926408259758  -3.91936488164  
0  12.0635996525  1.16754706866  6.72178536163  2.71019956456  6.29809342978  1.26512062123  
0  10.9332920771  2.89590359208  8.14977913997  -3.59814747919  -5.70085705952  -1.44222085145  
0  12.0662140564  3.8800182372  9.40999966352  3.57378842533  3.97299982404  2.25533454898  
0  13.5012955719  0.157391899852  8.00209853972  2.1178507639  -2.8071686321  1.07263536572  
0  14.7525560291  1.31427112867  9.66748867967  3.41467180861  -0.850986676098  -1.10181558805  
0  13.7754073894  2.81050976044  5.47248224894  -2.37390718098  -3.78692601927  -0.466565985681  
0  14.7807875011  4.16422779166  6.84452410179  3.40951256644  -0.282423459334  0.53651738859  
0  11.018420342  0.0106888727537  10.8362796781  -2.50835832613  1.0794004105  -0.539473890417  
0  12.2654713784  1.36814010502  12.1712597056  1.8492746976  1.71264273754  -1.03078348241  
0  10.9657511894  2.76671274116  13.5037165885  -2.54387927568  -1.84991042899  -0.092989779442  
0  12.1972280613  4.14034851664  14.7575765474  1.29576174465  -0.944702665479  3.59845764058  
0  13.5717175521  -0.0319213416779  13.4692991441  -0.96589835323  0.922042819448  3.72224417241  
0  15.0158383665  1.35867401587  14.904495832  -1.54301812845  0.460484042641  -2.14955875675  
0  13.7525271447  2.90994315344  10.7929263131  -3.69585763685  -1.94919319611  1.34462894155  
0  14.954610278  4.17539849318  12.1720615638  -0.272104239053  -0.189745459751  1.31937658049  
0  11.0334450946  -0.185432022026  16.4839115646  -0.56875924819  3.92675941294  -1.44060050827  
0  12.4024911268  1.32896108127  17.7490449315  -1.82538793009  0.00433139437655  -1.22063739172  
0  10.730461358  2.5712599979  18.8396998897  2.03751199106  0.333023341807  3.52618645862  
0  12.0636161357  4.05278206455  20.4638378473  2.0983780611  -2.21834728591  -3.82605357464  
0  13.5872684978  0.165712232105  19.1924983015  2.80218057479  -1.86468385769  -2.04353121905  
0  15.0628296226  1.47197302793  20.5527256504  -2.31137209669  0.25746273429  -0.226085383912  
0  13.5837801648  2.59512306323  16.2434167132  0.0735716447673  2.82782298932  -0.560575642256  
0  15.053435786  3.97898848861  17.6549139545  -4.93983900275  1.40375000447  0.639162350779  
0  11.0316747574  -0.170850397318  21.8769748215  -2.22467724444  1.753681415  -2.47670117504  
0  12.0972466216  1.25045937162  23.092982568  1.76681258722  -0.146190955899  -0.885572038102  
0  11.0433981982  2.5514336487  24.2829688114  -3.13742735785  2.70631560854  3.06086905666  
0  12.0443374539  4.20334376149  25.809603051  3.04200360078  -2.80817671938  -1.54168992554  
0  13.4194193456  0.0751850292419  24.2996705351  2.21853908867  -0.792922397814  4.96711235101  
0  14.7723983995  1.54295957505  25.9645514449  3.1759047348  -4.56214777435  -5.00486234365  
0  13.3830803937  2.64277352312  21.8998462555  2.59951517588  1.86555348474  -1.25618748474  
0  15.0501197649  4.11519798723  23.1370813408  -3.17789784334  -1.59608504557  -0.520089916838  
0  10.7823293821  5.43336612619  -0.078854521514  -0.221665805522  -0.61901458253  2.13270543103  
0  12.031007838  6.58860360409  1.46215917886  0.936474785753  4.21608975761  -0.47551313452  
0  10.7479967496  8.32731906867  2.77246830477  0.111966566122  -4.25459769031  -1.05468208157  
0  12.0829268494  9.31760808566  4.06765587089  4.3571687054  3.00559929138  0.970597795194  
0  13.5003701981  5.42313018113  2.80140814511  1.09339219173  -0.324353151372  -2.17504800232  
0  14.8569624097  6.91405656626  3.87711238596  1.6412859231  -1.38079070108  2.29447112598  
0  13.694194541  8.22329446455  0.0746161681139  -3.93803571603  -3.03256257547  -0.306692487687  
0  14.8294089968  9.49398819681  1.38478540792  3.67017920569  -0.277344731746  1.79148663644  
0  10.947868281  5.28540589056  5.39443898306  -1.6779549667  2.47999516212  0.832557582953  
0  12.0452481357  6.80621212063  6.82876099813  4.10981812516  -2.36250900139  -2.09003306503  
0  10.9814915908  7.96937667598  8.01677621718  -3.58363879813  5.04894703103  2.90629355578  
0  12.3459575659  9.67982524345  9.36103763035  -2.66243772479  -3.91691755704  -0.807237674824  
0  13.5214803016  5.44012788568  8.18989910798  -1.86962908248  0.227935928135  -0.0925271016026  
0  15.0619137606  6.69824695469  9.43293932808  -3.44602179881  0.445145065141  2.11540465299  
0  13.7080680062  8.07141622152  5.50364175454  -1.66232525236  1.38791290656  0.561205399628  
0  15.0324921106  9.6930417589  6.82278148479  0.922015165112  -4.33927400888  0.0354752011243  
0  10.964100567  5.35791138375  10.9392984713  -1.29733573777  0.615081272697  -1.96223888397  
0  12.0940724036  6.95560484832  12.1373234764  3.02650181643  -2.28511181901  1.74080002532  
0  10.9998195763  8.315317243  13.5362704851  -4.74248750257  -2.10449525162  0.349970057192  
0  12.2372108098  9.4994383069  14.7889878042  1.7196774094  1.12918549143  4.1770313657  
0  13.6956512342  5.47823651884  13.6772507483  -1.96866141957  1.81036626512  -3.82528458527  
0  15.123526518  6.89190647383  14.7430836311  -1.60775965409  -2.10012325263  4.7466907439  
0  13.3895598954  8.14385527439  10.6647234981  3.49091397603  -0.586246584332  0.280455884195  
0  14.8863514834  9.42502729554  12.1491711387  0.0851657576366  0.770108080506  -1.2025710627  
0  10.8425530112  5.45293010498  16.2723744067  0.553012301922  -0.404525244242  -0.193621559638  
0  12.2335946799  6.89723414964  17.6445544871  -0.0364027344694  -1.55973568084  -1.05532648119  
0  11.0208604124  8.04998986578  19.0861159908  -0.957849868007  1.57192940848  0.220926516062  
0  12.3719588024  9.43299189066  20.4452562429  -1.30712569471  -0.507290366778  0.0189825687039  
0  13.5037594148  5.58100205497  19.0331848028  0.34166766586  -4.90243954673  -0.599259807536  
0  14.9166997843  6.6125539557  20.4175632024  -0.813155446046  4.24361842489  0.9944660535  
0  13.6666900421  8.11317874859  16.3038593249  -0.802246970277  0.284739072371  -2.28542917192  
0  14.959696238  9.39124943486  17.6431172859  -0.331235584642  2.04078229924  0.356731016093  
0  11.0431205243  5.32026933317  21.6797523778  -2.72912185183  2.60397912907  2.87924959008  
0  12.3108956264  6.78559996459  23.2059888982  -2.20672581227  0.588702713053  -0.427954076162  
0  10.7979371981  8.21995211133  24.6173018063  0.881865354429  -1.21634422925  -3.68428503145  
0  12.3161907855  9.37775299009  25.6226543002  0.769130826909  2.62826058888  2.80451354924  
0  13.6267754233  5.40956921859  24.4338922589  -0.512807117625  -0.189365718149  1.40051072475  
0  14.8898087787  6.75992766332  25.8315141868  0.364417508222  -0.431238539412  1.45137898783  
0  13.538271037  8.24444639418  21.8960933388  1.04557782967  -4.44154494147  -3.36128525154  
0  14.9099283978  9.34870389797  22.8848337289  0.345913632996  1.14048328347  5.10796283911  
0  11.0054923122  10.9994985409  -0.183872363448  -2.02884253453  -2.24291629909  0.264095286394  
0  12.1354840642  12.3886318849  1.24338490853  0.503234316349  -3.13879321371  4.12036152943  
0  10.8781928554  13.6984512568  2.86102173417  -1.92174514628  -0.208167844084  -5.14888514727  
0  12.1397393178  14.897358791  3.88883576067  2.92361870736  0.158069302056  4.15060670737  
0  13.7300155292  10.8405443487  2.7648436367  -4.53029271856  1.04058203365  -0.0270671342015  
0  15.0659329961  12.4024725804  3.97021469552  -0.555813505243  -2.80287073613  2.15966315664  
0  13.420222983  13.4055786192  0.0413890780305  2.01506798353  3.37886592606  -3.55669440541  
0  14.9203368121  14.8117268664  1.3015207734  -0.0558567858375  2.15673149332  -2.20971703247  
0  11.0176810346  11.0357969225  5.30646164838  -2.43546826372  -3.2519445329  0.525833818817  
0  12.1810583535  12.0636092416  6.86674143221  2.75412981874  2.50256324101  -2.27309608831  
0  10.7545872086  13.3814248547  8.0088894806  1.45824430428  0.181249681546  2.88600875561  
0  12.0188923294  14.9478821318  9.31906784487  0.613827063867  -2.192871669  2.29204355526  
0  13.6512560923  10.7979743416  8.10713873391  1.50511960165  3.50219895457  1.40286599421  
0  15.0600050957  12.2848087678  9.57710153659  -1.51382010804  -0.892339519543  -1.67500080377  
0  13.6660643954  13.5456569437  5.34846695819  -2.84550473058  0.227986983427  1.62446657126  
0  14.8472030141  14.9414602095  6.947088042  0.886642425948  -1.32854931518  -3.2527903416  
0  10.9132078492  10.6802710704  10.8217384532  -0.8363649804  2.03381922364  -0.0660466384841  
0  12.1739171766  12.1284451076  12.13339321  1.8812620633  -1.86843243467  1.6632569752  
0  11.058091105  13.4768782375  13.5306784747  -3.18555190795  2.02608693943  0.0560065729791  
0  12.0944195765  14.9928704259  15.1257721454  3.78167362013  -0.575690945406  -3.12498985899  
0  13.7326912474  10.8382792275  13.6173828927  -2.09722557466  1.01515755596  -1.59921941898  
0  14.932544787  12.4125737631  14.9078741858  -0.358922859935  -2.51724723758  -0.194402367014  
0  13.5975525581  13.4205823361  11.0238073867  0.257923361344  3.46325140037  -1.9457348425  
0  14.923128965  15.0900438847  12.3321740017  0.603420643479  -4.15909673783  -1.0634482116  
0  10.9440621356  10.8767227094  16.4360854381  0.999158571772  -1.88337246175  -1.83028920473  
0  12.2609314554  12.0463700647  17.8465184062  1.89657741648  2.38642142011  -1.66868938617  
0  10.751628546  13.4411807123  18.9655459842  1.73063295029  1.31991729143  1.34754362218  
0  12.027966023  14.8271650381  20.550390992  1.15494211656  1.36366633083  -5.19347035781  
0  13.6609270014  10.747801983  19.205621916  1.72370005348  0.954104804402  -0.957847007585  
0  15.0081785179  12.3727441294  20.5124262002  1.15984435582  -3.74552568002  -1.30071978323  
0  13.7157892935  13.5424413939  16.3217208876  -3.72395737889  0.514164694686  2.04941096964  
0  14.9888898381  14.9132922996  17.7155826083  -1.39053028941  2.07977401132  -0.74075242332  
0  11.0205588158  10.6995403575  21.7782701818  -1.92974225719  3.24939827208  -2.04190582162  
0  12.1149354456  12.4158076948  22.9101440885  2.15695923907  -3.47635072969  2.14330396637  
0  10.8960880114  13.6245502382  24.396112243  -1.25294007489  1.3332784631  -1.11246613362  
0  12.0385604334  15.0828729878  25.7210393853  3.57891276885  -3.26644818185  0.779240274655  
0  13.6300419248  10.8968494793  24.3307840135  -0.101233338018  0.528554925238  -0.989838458376  
0  15.1279089695  12.0354438717  25.9692483826  -2.94736800489  3.28394916448  -3.05072289958  
0  13.5063790311  13.4699798738  21.542887944  0.460779497063  3.11071760604  2.84168549775  
0  14.7970913966  14.9994475393  23.0233774624  0.090670988355  -2.97164798148  -1.82857092701  
0  10.7262950289  16.097530932  -0.0308969535308  -0.138197632519  3.67879496846  0.469100119157  
0  12.1660162959  17.4565968851  1.39859343768  1.0279927121  -0.423044628829  0.401920129477  
0  10.9561519166  19.1632275736  2.61472961806  -0.388875881154  -3.07218379576  2.72874808684  
0  12.1178724027  20.507808283  4.12066366152  1.92733839398  -2.26716703739  0.498108614549  
0  13.750217916  16.1090407853  2.85535556834  -1.78657878235  1.77147152891  -2.60282258629  
0  14.9232332627  17.6953681267  4.07706819462  0.759373962737  -0.697771373437  0.113745169011  
0  13.532802448  18.999268342  0.129206505985  -0.201920789355  0.466756021208  -2.06569901021  
0  15.1272695752  20.4266131882  1.18904818794  -4.10139240924  -0.567911349391  3.56307215568  
0  11.029858575  16.2282407648  5.43841481019  -2.16125606482  -1.21915775322  1.02329197411  
0  12.1680460982  17.6271413497  6.92501464534  1.98752956814  0.489181555573  -3.24710394417  
0  10.8805409694  18.8190889932  8.2340456985  -0.956623436104  4.10483703152  -1.91602607053  
0  12.239267784  20.3423101956  9.41687747038  0.295120310849  -1.76291726973  1.44835178609  
0  13.4455089336  16.1764099033  8.05226591419  1.16030983094  3.01328585694  3.73484708487  
0  14.7674650544  17.8343951111  9.631946426  2.95748475577  -7.54202647704  -2.76434351518  
0  13.6080619087  19.0192754587  5.40111635828  -2.45160527593  -0.401907456022  0.608196745899  
0  15.0518265811  20.2056058063  6.69586725806  0.844657161642  1.86885366585  0.388583889662  
0  10.6790058165  16.199119631  10.9074617335  5.12851318739  2.2494537385  -0.71010360664  
0  12.407482883  17.7595015175  12.106318554  -5.05984333841  -1.52853429106  1.24344700241  
0  10.7085777805  19.1704349104  13.6049768031  2.78263551301  -1.94948230772  -0.573883927147  
0  12.179109698  20.4528085212  15.0613858656  2.10352484036  -0.153078604472  -4.3246939687  
0  13.6336754472  16.3501452252  13.4565628609  -3.22964118945  -0.348473570943  3.36012278095  
0  14.790353316  17.7879101095  14.8413681472  2.83410019361  -0.720244117754  0.867232930299  
0  13.6885958306  18.8340731203  10.7270524753  -2.52770928362  6.11302108213  1.72426120335  
0  14.9245791357  20.4328606601  12.0822145952  -0.399093496934  -0.329156200692  -0.720367967443  
0  10.8657507336  16.3439673344  16.3655831342  0.256831201622  0.671181357585  -0.386444050397  
0  12.3703858955  17.4674914802  17.7328567442  -1.91672882739  3.97508106034  -3.3021749148  
0  10.8666126124  18.9076505462  18.8616768846  -0.689225792275  -1.56031022363  3.02031045364  
0  12.3991219604  20.1813053565  20.272195978  -2.57123568447  3.67873963931  -0.627782947118  
0  13.4569328081  16.3842337096  18.9602679407  1.25489287388  -4.38166564767  3.74721950961  
0  14.778749507  17.8092425335  20.3283809727  2.07798552368  -3.21974739861  -0.576851041164  
0  13.5801515714  19.1034836549  16.2798616882  -1.18159544773  -1.74663724792  0.961102744555  
0  14.9613897231  20.3826392001  17.5299176457  -0.86172379342  1.39332649522  1.00755772394  
0  10.7463241955  16.3201641791  21.6258830111  2.85660892346  1.04482446708  3.35531839399  
0  12.3457360833  17.7785361623  23.0289459333  -1.30193343692  -3.20566518113  -0.338582000582  
0  11.0312424583  18.9335119522  24.5812353122  -2.30651479501  2.07452391208  -2.45995907872  
0  12.1922585696  20.5292260271  25.7659549891  2.5585557638  -2.54919710337  1.37108039697  
0  13.6762783604  16.2269542552  24.4047653397  -0.905245526275  3.55617252226  1.69605836881  
0  15.1107806477  17.6807850994  25.9221944704  -3.66555237184  0.619666837791  -2.58710244954  
0  13.7087314248  19.0114101209  21.6697693461  -0.622551298723  1.82643729832  2.06046968791  
0  14.9832887875  20.46310425  23.1571527241  -0.574422439581  -2.75573087808  -0.951611909898  
0  10.8751657731  21.737376577  -0.104079521338  0.944724653336  0.0767457213526  2.35695679536  
0  12.1180587076  23.1689918799  1.32779378791  3.08806040603  -2.36005235111  0.41829402155  
0  11.0050904195  24.5520826197  2.5939029038  -4.06308868577  -0.684169578579  2.73428495913  
0  12.0492857092  25.7609174636  4.19555628773  4.2692659023  0.727535256291  -0.191867952911  
0  13.6546585752  21.6937824194  2.86994242135  -0.862096494375  0.561392698431  -4.72017701534  
0  15.1327507348  22.9695809109  3.91603078756  -2.68039922629  1.86489664857  3.96521045642  
0  13.416875685  24.612478149  0.00511404275946  4.0219779472  -2.1497945814  2.36838765741  
0  14.8751743286  25.9578543624  1.55432927231  0.473349310964  -1.6054827348  -5.45640867124  
0  10.8506933461  21.6250887687  5.5982850017  -2.1518330586  3.27566701854  -3.77945774592  
0  12.0764975395  23.0543673563  6.70950450129  4.14571464098  -1.3071948853  2.19549126527  
0  10.9354878447  24.3167184076  8.11502597638  -1.15331493354  1.82068548106  1.26407933211  
0  12.4034240228  25.7881954815  9.55387456477  -2.79841134799  0.733108057019  -3.75897970061  
0  13.6751589543  21.5543858269  8.1106627729  -1.69263012765  2.23005048829  -1.72675909994  
0  14.8030874094  23.0202371738  9.6026837921  1.87325951665  -1.50759546668  -0.710741394755  
0  13.6539605067  24.4746809502  5.57898044585  0.140683266319  -1.49198238314  -3.57381393409  
0  15.0949196796  25.9051252567  6.70911014848  -2.6115652545  -0.452752294211  2.58366670734  
0  10.8801659137  21.5723376555  10.9437226961  -1.5854371544  2.14875672798  -2.63870277455  
0  12.022302812  23.183582557  12.2619614323  3.28711559424  -0.834588824303  -1.80458013577  
0  10.9074907718  24.319752071  13.7600542316  -1.05874187669  4.52903186311  -2.15625664251  
0  12.1745627604  25.7559656654  15.08643789  2.51167708943  -0.263360747018  -2.97743838238  
0  13.6647657091  21.8574251457  13.4839264595  -1.55575312775  -0.549714647682  1.97807852015  
0  15.0761557048  23.1028173391  15.0930050452  -0.954890978674  0.138437854754  -4.87466346862  
0  13.5315801658  24.532993231  10.7304583452  1.34503422603  -0.611237764986  5.48489106214  
0  15.0027329671  25.9683749959  12.3230123  -0.531614314867  -4.31077779485  -2.8483949017  
0  10.9808496417  21.6097837999  16.2637667399  -2.88557413287  3.36125335841  0.91148521622  
0  12.3491932058  23.1258753878  17.577923583  -3.22721524654  0.713372292544  0.95453161198  
0  10.9858627813  24.6209197761  19.151697523  -1.14224025332  -3.11716365728  -4.25955168938  
0  12.0819203331  25.973335513  20.1713056304  3.47882795266  -0.866558912451  3.65120444124  
0  13.5847404138  21.8879405124  18.8567863532  0.601830334934  -3.5820791191  1.27113312267  
0  14.8625651144  23.010331092  20.3648147647  2.11502856059  1.38759559979  0.982375373027  
0  13.6001944616  24.26122644  16.1456262377  0.221961796289  2.70328703694  1.96804336203  
0  14.902699414  25.7314316469  17.5481084562  -0.683259232017  1.12826244464  2.64143276482  
0  10.8182109806  21.9092875194  21.662499386  3.25875881181  -3.73606306351  1.1934252041  
0  12.2834392793  23.1090030147  23.2133009337  -0.458462359352  0.556700885374  -1.78503825927  
0  10.7089149944  24.5495898541  24.292135314  2.49301984445  -1.457307424  3.04285930266  
0  12.2782159306  25.6790660889  25.9500488425  -2.59614506568  2.49586592471  -4.92117825087  
0  13.758891809  21.7416488013  24.5045158764  -2.25456762985  0.792694316079  -0.114141054888  
0  14.8792421244  23.1820550206  25.8003806975  1.6777612704  0.670985815552  1.48317827176  
0  13.5166915753  24.5247587765  21.6725299508  -0.107401214353  0.377601424984  0.0976680983849  
0  14.9656774218  25.8395631706  23.1653959225  -2.86522634838  -0.395519227957  -1.65485032307  
0  16.3928474214  -0.00966861002848  -0.0778621770958  -1.3031720369  2.31595305525  2.9536640535  
0  17.778092392  1.44189007164  1.54152529622  -2.12195634527  -1.58965790004  -2.47686024029  
0  16.1412651651  2.63155071877  2.78065644101  2.05871614821  3.49815775922  -1.09649057851  
0  17.6569545526  4.05809440125  4.24808425873  1.25766218649  -1.69159423509  -4.47746511474  
0  19.1947339631  0.0482445530866  2.64559957968  -3.31519614288  -1.70373104533  2.0837473116  
0  20.4823093723  1.23289868927  3.89214904426  -1.53148054497  1.52522832737  4.16583014408  
0  18.9023368387  2.59282355739  -0.152993268483  0.976275672642  2.82581902713  4.97105935771  
0  20.2404364449  4.2408623107  1.40671875169  3.85285176688  -5.74826436006  -3.46459735558  
0  16.4028536613  -0.110030425646  5.47041489401  -1.83081180344  3.13114326574  -1.84345596427  
0  17.5385548248  1.43245700607  6.79085427088  -0.0499672636135  -0.782039392441  1.89951208172  
0  16.194755683  2.81459489226  8.31222024298  -2.24746692926  -2.65225343714  -2.74173045439  
0  17.5206193051  3.96927248365  9.35828691457  3.88579831026  1.01712984121  2.96938578155  
0  18.8698972539  -0.0619383278758  8.17546082833  0.646631621722  3.19127302776  -0.186281704038  
0  20.1792518894  1.48092087096  9.59553748865  1.92896868349  -4.55436270265  -0.840045646261  
0  18.9799927557  2.61322389627  5.50448551787  2.55858798299  0.149906173461  -1.26413725902  
0  20.3336654106  4.13326200455  6.92701134607  -0.519863021953  -0.737098710725  -3.02578554074  
0  16.4258095917  -0.133317863377  10.8839571284  -1.5366309319  3.12119283822  -0.306367495416  
0  17.5756847519  1.45385008352  12.3130518445  -0.152020879601  -1.6464458003  -1.03573939446  
0  16.3099582481  2.89452452636  13.5267562745  -2.16143903335  -2.55441294228  -0.44527184466  
0  17.5292721835  3.98925404063  14.7438536757  4.63532885609  2.6730990608  3.27133053912  
0  18.8878149446  0.125081070105  13.6268512814  1.60171097544  -2.17043345347  1.22711275993  
0  20.4649756489  1.38045201805  15.0828875639  -2.65091464901  -0.215742513908  -3.15659007883  
0  18.995389458  2.53748420247  10.980286994  -0.907698740474  6.216284823  0.0573101898904  
0  20.4314345218  4.26845000888  12.3415422071  -1.25281826862  -2.45313553589  -2.53612321741  
0  16.1914284663  0.036098734669  16.2125821836  1.90935671944  0.239060305823  2.54760856284  
0  17.7744909832  1.40951595504  17.6017074728  -2.68957701386  -2.5750244002  0.825218139658  
0  16.2572715248  2.72063974049  18.9329688456  3.37194763027  -0.0265696378885  2.20702818518  
0  17.8058674195  4.00211079153  20.4890802235  -3.49049192584  3.10578054713  -2.17058845309  
0  18.8800995706  -0.187372303615  19.0754669509  0.995433125074  2.1325288773  -2.50067355208  
0  20.2016205833  1.25119877548  20.2067676406  2.81085327102  2.14059916006  1.02459804152  
0  19.1263218984  2.60493828258  16.3557822164  -1.48830004762  3.56009346181  -1.65453392056  
0  20.3882904416  4.05548964164  17.741193911  -1.78152015376  0.839942269343  -1.77717516866  
0  16.1496631852  -0.0794695329761  21.8156599747  2.35418966825  1.94116252544  0.0757055261882  
0  17.8250613866  1.20480578817  23.0253644946  -4.58312604644  -0.0132520920523  2.07581120233  
0  16.2777134146  2.7152756811  24.3804421799  1.46606946458  -1.7910016388  1.18670873799  
0  17.6006366529  3.96479739937  25.9874118066  -0.873932305553  1.74047887545  -3.01612457422  
0  18.9199082806  -0.00962787144874  24.6254175178  4.99550946214  0.934172254318  -2.68965794432  
0  20.2814958054  1.48558508651  25.9455411393  4.23690932438  -2.5288241551  -2.77872841909  
0  18.8532362748  2.51902017296  21.7408403498  4.57529640697  1.6468360771  -0.24089055176  
0  20.4229001787  4.07495653881  23.0135768416  -3.23924366095  -0.438369624704  -1.27990630335  
0  16.3132768846  5.51271439724  0.125825713431  -1.53893046786  -1.78670122101  -1.87030304423  
0  17.6112117758  6.72386833907  1.32903031613  1.9415893463  0.859450013952  2.13690953302  
0  16.4734039222  8.22765667361  2.84525041371  -2.96143219441  -1.45522692531  -4.27884022707  
0  17.7144654553  9.43421268092  3.91885233307  2.66501772134  2.21986725558  5.2644163695  
0  19.1965013128  5.29357662422  2.57255051776  -6.81831129052  1.37195352245  2.66554591269  
0  20.1906914081  6.68613685428  3.87832514163  3.70702983124  1.8783171437  1.61211995808  
0  18.8760845613  8.08122988737  -0.0844236232174  0.590183584774  2.80497413306  1.5183017829  
0  20.305875743  9.57693176532  1.44375561589  -0.972937654401  -0.149011049685  -4.20821065336  
0  16.4518343459  5.28489713965  5.47472448186  -3.42908216815  2.38955309326  0.0687056461089  
0  17.6685907017  6.77660451578  6.69013132351  -1.63052558853  -0.0647853564953  1.65245426657  
0  16.3325051375  7.99529897955  8.28494510273  0.429256456372  3.00199752455  -3.81513304077  
0  17.7507844133  9.53053187525  9.39799308303  -2.43608184909  1.1295160709  1.30088560864  
0  18.9114797833  5.56454077159  8.02339933746  1.45172785168  -0.906067782794  4.05030952645  
0  20.5528304801  6.79889778588  9.61327690861  -3.57579852928  0.545328405003  -2.37726268796  
0  19.0576271566  7.98321026701  5.61740157114  -0.179133661572  2.38124003146  -4.15599423582  
0  20.461365698  9.35749625462  6.91690083792  -0.864585009681  0.846346186323  -1.5528832165  
0  16.2020048032  5.258186646  10.7826728951  3.14917370601  2.56984776326  0.776842347897  
0  17.7408845034  6.67123374426  12.1958368578  -2.27873694138  2.47743853008  -2.57741225313  
0  16.1511841398  8.3452472513  13.745739237  2.24010974342  -0.845601494529  -3.97751543152  
0  17.6579155818  9.51170376704  14.8576317694  -1.06775024303  -0.148001786072  4.03840549254  
0  19.1321066704  5.57816798629  13.462488738  -3.00738622953  -2.51383900293  3.0419670939  
0  20.1807722051  6.92772926692  14.9201675277  4.49547616142  -0.266256972548  0.515075311576  
0  18.9630049534  8.32570637255  10.6868738165  0.271314405616  -4.65203450922  1.92031894612  
0  20.1879749205  9.34106669136  12.225120771  0.458069155103  1.82987798158  1.23826326769  
0  16.2160696033  5.30756353644  16.3753113077  0.75051157482  0.54369309073  -3.788006792  
0  17.4807122196  6.67039311415  17.5788319959  0.540474118818  1.52808561994  0.90267378501  
0  16.2762095638  8.07908023513  18.9858185464  0.296999192901  -0.00674969428685  1.61713953043  
0  17.6647819936  9.65028828693  20.3360648631  -1.86150679479  -0.62957426268  -1.45633857572  
0  18.9850617906  5.59951868205  18.8334659403  -1.34610997863  -4.49049802379  1.48726856106  
0  20.2001131269  6.64384335138  20.1955751845  0.900678671923  5.36757878808  1.6979903974  
0  18.8984297013  8.12010837966  16.4796405529  -0.226363019623  0.864170260599  -1.96161101263  
0  20.5555648059  9.34565131428  17.6488099047  -2.19729783388  3.1906833248  0.54460807637  
0  16.2024674844  5.49266975749  21.9084542253  3.23384565975  -1.97016651831  -3.1256442547  
0  17.5822213521  6.94920227377  22.9821716145  0.672921700157  -1.55298548975  3.1498279657  
0  16.1368407736  8.07605061051  24.5882612185  0.888813843363  1.1157584492  -3.06871675518  
0  17.4906296902  9.5932863781  25.6908038069  1.13098230308  -0.776671106298  2.1817334146  
0  18.9740292731  5.34177287267  24.4841997056  -1.19907557035  1.22477488609  -1.26332903167  
0  20.2840185823  6.78433227108  25.8402244532  -0.569143965084  -0.478165343615  -1.5230644764  
0  18.8252952071  8.31677703485  21.5640868604  2.86826687459  -3.12540071703  -0.261423017159  
0  20.4184426136  9.33633841558  22.9547451232  -0.505496077607  1.72395059773  2.99275019761  
0  16.2415701929  10.8338763562  0.151509941583  1.28678880306  -1.82984357923  0.106832324687  
0  17.6061298218  12.0919839131  1.50067373195  -1.3924834163  3.53276100429  0.0861001406481  
0  16.1457457996  13.7683289867  2.77935056447  2.97565697784  -2.71825797135  -2.47410093196  
0  17.7342918048  14.7447407325  3.95386554651  -0.614541600373  1.95266822977  3.70270245692  
0  19.1261509162  11.0381820299  2.73545997389  -0.96763086904  -2.61897599267  0.935571374027  
0  20.5175098297  12.098686421  4.16855501181  -2.6211413815  2.11473446525  1.59299330963  
0  18.8871194685  13.5123901614  0.0696550616258  -0.205181453399  -0.479479840113  -2.16776822383  
0  20.2557196175  14.9422865225  1.26092104633  -0.459796931617  0.213200523839  3.16083028034  
0  16.4113201734  10.9798845912  5.48373798336  -1.04271255594  -2.00222956745  -4.03455958403  
0  17.5831732001  12.0509658187  6.77300062962  3.18329050611  1.51409154767  2.32530516523  
0  16.3731968628  13.6170138332  8.07309732965  -1.5755264945  -1.22676273873  0.830433262775  
0  17.4642509945  15.0736123273  9.35343822226  2.67563975188  -1.46582312305  2.49199275006  
0  19.1727217061  10.7120639577  8.13272460466  -1.20023448749  2.29456864977  -0.973026014616  
0  20.4843118551  12.3363320632  9.30769774703  -2.46824416986  -3.37329923967  4.05828033415  
0  19.0208921083  13.5230204964  5.61677771965  0.577592152198  -1.19093367525  -2.96074412956  
0  20.349053514  15.1025879974  6.62169408782  0.705627659545  -0.850415872434  3.21115270409  
0  16.3298465622  10.9315039343  10.9024122185  0.711029322896  -1.95485782653  -0.641221950208  
0  17.596155452  12.2425371084  12.3476789577  1.47369330636  -1.89299081978  -1.59692728176  
0  16.2652266281  13.3930934043  13.5524070078  1.00608967609  5.98594778673  0.854732894741  
0  17.8428868285  15.0853347135  14.7707677367  -3.96836568866  -0.918257317036  1.31642003939  
0  18.8751091526  10.7581191583  13.6679139647  0.963274348751  0.266069491096  -3.05471890244  
0  20.2578393558  12.0932793485  14.7894583158  -2.26028446398  2.22562265825  3.61827104039  
0  19.0779551936  13.4682334445  10.9187177803  -1.88501271013  1.23456601335  -1.96485567914  
0  20.2829590616  14.9930468807  12.1234450388  3.30551763529  -0.147297471074  1.57155899515  
0  16.1096398697  10.9321065502  16.1491931649  1.03006082504  -2.40757420125  0.164098999135  
0  17.5620256599  12.0244192244  17.4554231508  0.151347417679  2.9855829763  3.21820000637  
0  16.2766312881  13.711251823  19.0186893683  1.16027704625  -3.97757865536  -1.92004421328  
0  17.534349625  14.9746221413  20.2092138335  2.52307249016  -1.82742854039  3.27507431112  
0  19.1262127247  10.9609159961  19.0287215925  -1.77535150124  -3.59552384284  -3.82139442943  
0  20.2066011356  12.0967835726  20.2433224807  4.74552806798  1.82050868181  1.85382948742  
0  18.8713788405  13.6760364214  16.3530617694  1.10387638742  -2.78216711697  -2.42705262576  
0  20.1769259634  14.775816628  17.8247950412  2.06190384345  3.64984857751  -1.31309547044  
0  16.2652354106  10.6865480206  21.9135271797  0.182290348803  2.48886902294  -3.55794203109  
0  17.6227432532  12.0228529346  23.1194434928  2.17882269414  2.35443787293  -0.0950625383602  
0  16.2055846908  13.6058453195  24.2393537927  -0.556444104645  -2.42674306459  1.40665406768  
0  17.5209303954  14.8223386441  25.6103183374  1.92146963392  1.30974231117  2.03645432693  
0  19.1734418596  10.9079106498  24.6325305364  -1.07583789291  -3.2502541315  -4.16033245816  
0  20.3841099335  12.1206062772  25.8230348104  1.26079250484  3.12167645082  0.978944380349  
0  19.1968590934  13.3948145442  21.6372475555  -5.07577662964  2.04269390326  1.40304036411  
0  20.2290082872  15.1336201065  23.0181363283  2.22832021078  -2.46436627364  1.05410620341  
0  16.328483143  16.382349458  -0.12202739778  0.0161653774523  -3.59451583496  2.32079649295  
0  17.5504584738  17.5892455438  1.46362433908  0.774635372336  0.788027605526  -1.18853212606  
0  16.2364340718  19.0044899996  2.61780942855  -0.247156674987  -0.252189561861  0.645102650639  
0  17.5871471819  20.2983278281  3.87683145359  2.84902898797  0.0544890510695  1.87502949834  
0  18.9233734461  16.3881166143  2.88226014068  1.37958571727  -1.84758485392  -2.52433923438  
0  20.3630034785  17.6634064253  4.1173479434  0.828350779961  2.03115469867  -1.86394863537  
0  18.8230255509  19.0781775452  0.0695162451146  2.32014032703  -2.22407398148  -1.19914637315  
0  20.3786857495  20.4583442785  1.23334531873  2.57814121347  -1.30142871855  -1.33516578018  
0  16.2358102687  16.2143152423  5.44939241964  0.553568030418  -1.23922833866  -1.31561598739  
0  17.5011472953  17.4736233902  6.88769294219  1.26871237089  2.29239083664  -2.90564777713  
0  16.2641321425  18.8071958764  8.16120372286  0.817564122182  2.81400878041  1.55741240756  
0  17.7679847922  20.2349799656  9.63704707691  -2.78350824694  -1.11502475142  -2.93663447205  
0  18.8218679173  16.3739761872  8.04110485826  3.92742930138  -0.0966358949875  2.64198902395  
0  20.4370516801  17.7607055911  9.69882270375  -0.401548685698  -0.836546117802  -4.88098192425  
0  19.1938908392  18.8583741922  5.62665264936  -4.52718878566  -0.180888318455  -0.890288108437  
0  20.2720588188  20.1934792408  6.98163740306  0.139745782247  4.31485842767  -2.9739720577  
0  16.3075665066  16.2777726686  11.0339582922  -1.80919241373  1.75942135503  -2.63007269785  
0  17.6239470123  17.5083961215  12.3962560034  -0.347079345036  3.40772776593  -1.20469473726  
0  16.2012884524  19.198378426  13.4612534214  -0.208533324577  -3.36886268487  0.204816606587  
0  17.5083726384  20.2776132789  14.7886953608  0.634551559877  0.56488438371  4.10921795401  
0  19.2012224743  16.4778695148  13.5505083161  -0.305263984466  -1.72199207087  -0.431879213018  
0  20.5418295243  17.6362854557  14.8821401262  -1.31928541035  0.119900651915  2.49386997575  
0  19.1952641079  19.1575660288  10.7766985024  -1.25220093469  -1.67121467619  2.9089171326  
0  20.2294417042  20.3312255421  12.3757929399  3.94803388015  -0.83239531989  -0.164337780779  
0  16.2913241519  16.3941593421  16.3565678848  0.521356675101  -0.443134345715  -2.27670615955  
0  17.7625190645  17.5904664385  17.837622466  -2.06430040899  2.64497269297  -2.22539125655  
0  16.1631970707  19.0683732605  19.0034447376  1.12735437863  -1.50301467216  -0.893659119337  
0  17.5281164707  20.2676219999  20.315839563  1.86658334704  0.0945056419095  1.07118252147  
0  18.9112317345  16.3694662914  19.144245702  2.11075619405  -0.844036566291  0.175221765757  
0  20.2473164853  17.7986803077  20.5514190544  2.2230627208  -2.08688869547  -2.09065978298  
0  19.0919848832  18.9718580492  16.3039405087  -1.61484984788  -0.421787328202  -1.61139670338  
0  20.2476602299  20.5371358319  17.4850782211  2.94772375468  -1.99169846571  0.603201452908  
0  16.1314561614  16.1257031834  21.5519808417  0.528090800822  4.41305801979  1.62918488997  
0  17.4785061889  17.7579917699  23.2277814393  1.57869929114  -2.87638053186  -4.06595143603  
0  16.3068689013  18.996074452  24.3370377947  -1.93268401367  1.19698604825  2.80418008889  
0  17.4744721617  20.3152608433  25.8371102094  2.05230391286  1.85968685701  -0.967319159535  
0  18.9874818078  16.4696495764  24.5300572591  -2.095202331  -2.1295325582  -1.46940433294  
0  20.3382637728  17.6459276752  25.6993519191  1.3175951541  1.04837126108  4.28350630667  
0  19.0388661038  19.0508394876  21.8692137007  -1.88856046463  1.69681785261  0.597048418112  
0  20.503076588  20.4903489876  23.188602714  -0.750866448342  -0.420061541926  -1.76052198413  
0  16.2968168341  21.771294174  0.131853259596  0.515883322271  2.24484011937  -3.338458912  
0  17.6813384383  23.2112573127  1.37768514656  0.00123401920975  -2.11965437  1.24531634555  
0  16.0987518315  24.4136340731  2.63545747113  2.8881517747  1.08593278959  1.14310805024  
0  17.4868724253  25.7172461202  4.18519226549  3.8879566106  -1.39489659448  -2.00959152188  
0  19.1978812524  21.5615665058  2.54409673681  -3.28084276979  3.11425847515  1.90091053922  
0  20.2566473466  23.2724586627  3.93749177883  1.63681451303  -4.19300435977  1.41052001185  
0  18.9742972749  24.5359760845  0.166107997721  -0.404013965759  -0.546506172161  -2.34706971932  
0  20.2326734516  25.6232828717  1.54359058567  3.00228336508  2.51068894941  -2.01294985882  
0  16.4782431279  21.788667041  5.40309529283  -1.29080087156  -2.75026238025  -0.499533283117  
0  17.7384452364  22.9911349815  6.8008443792  -0.667318319918  1.00991886416  0.472138817013  
0  16.1119034323  24.2374615463  8.07676076656  2.62984717936  1.98919467103  0.820095859415  
0  17.6836207099  25.7772081447  9.4055453478  -2.49532605665  -3.33469181627  0.236838741787  
0  18.8250737925  21.5896787763  8.23760539657  2.67011407129  0.676581235382  -0.396368311501  
0  20.4156218958  23.1072774355  9.32463688715  0.562230661363  -1.41584878607  2.36295535411  
0  19.1775639711  24.3527191996  5.52059628737  -3.78430195381  1.60314281117  -0.791023914724  
0  20.1830425008  25.9259569665  6.76052959625  3.45661413071  -0.238676409678  -0.375611419611  
0  16.48488553  21.600128734  10.8126763359  -1.15357004758  3.18139710639  1.68987220618  
0  17.7540265872  23.1458334262  12.3736807165  -0.792905032794  -3.43365853865  -3.26013092705  
0  16.3932080844  24.287870078  13.389118069  -1.9159464445  3.10624630641  4.18729516279  
0  17.5688004587  25.7576607468  15.0991175572  -0.209192532507  0.327795839919  -4.23335887424  
0  18.8078243807  21.5390147705  13.5988675982  2.12286729942  2.53110806173  1.11822277113  
0  20.2217487218  23.140874421  14.9250127669  1.91437076613  -1.47589465161  -1.38902587762  
0  18.9170949673  24.3439420515  10.8815393869  2.1641369762  0.561531168636  -1.89158656257  
0  20.2873263989  25.6972430636  12.2204278894  -1.68826338453  1.94913635168  1.13187549295  
0  16.2002358568  21.834711446  16.2279842299  2.86323564866  -3.03494448274  0.674705641957  
0  17.6477225831  22.995361362  17.6432519339  0.808361940721  3.38756192335  -1.2810723557  
0  16.4183964628  24.5302892682  19.1305210114  -2.80366212749  -2.24094148931  -2.00178238479  
0  17.5206288079  25.9429409804  20.3951789773  1.98888026188  -3.29512795377  2.40631020991  
0  18.911617015  21.5556509207  18.8221481585  1.01705453009  2.24954837718  3.84008043765  
0  20.5304261007  22.9947457711  20.4555303311  -0.958779611374  -0.358400151433  -3.94848916908  
0  19.1269831096  24.6030544176  16.1800319478  -1.72686982291  -2.07043250648  3.83409758277  
0  20.4713641923  25.9148819877  17.6518729576  -0.832876221851  -2.02457754587  1.18969125594  
0  16.2648796013  21.5322984596  21.8152184862  0.59563494278  3.46759716344  -1.92188619845  
0  17.7660144936  23.0152356145  23.0167016969  -1.52695012715  -0.324963031326  0.453633397943  
0  16.2658697333  24.4917197346  24.2771747333  2.88050639061  -0.358028667007  3.12331998284  
0  17.8234283756  25.9644184586  25.7484602166  -3.87142444251  -4.58893096718  0.552633752035  
0  19.0717267797  21.7124955654  24.4849786071  -2.07638017558  -0.819753193798  1.18869684558  
0  20.2300807796  23.0425788797  25.9603765635  0.635415293048  1.71650915135  -1.36290157728  
0  19.1180103656  24.2383432867  21.6032270998  -1.93317069264  3.29985000794  -0.0973474109816  
0  20.5134545542  25.5993462569  22.98666856  -2.52117415565  3.17600238963  -0.634809946732  
0  21.7973600144  -0.158178243004  0.116549389626  -2.51212957342  3.97167478312  2.14064598883  
0  23.1379940129  1.52185578024  1.55297047613  -1.80628608502  -4.62029423658  -1.64195015183  
0  21.7237514503  2.58363258705  2.78041169634  -0.595669728832  5.68621223671  -0.568282285944  
0  23.0644409189  4.18310402879  4.21747445997  1.91991403158  -3.49034133348  -3.71535771079  
0  24.3842753016  0.0230752498829  2.78535109929  -0.97245813041  -3.01043747869  -2.65348410582  
0  25.6573229484  1.19127118527  3.94663145836  3.78329354043  3.10546821367  0.922573515891  
0  24.3832107666  2.5189785199  0.16378180963  0.547329545583  5.02164466818  -2.3340624873  
0  25.8122089355  4.14678336869  1.3543428728  0.450573087863  -1.73764992904  -1.25324429704  
0  21.8088676495  -0.0343553816566  5.32466604  -1.35143052605  0.890074266287  2.12866115131  
0  22.9639899702  1.5343671001  6.90562319374  0.048451518292  -3.0090638399  -3.27212127568  
0  21.527902905  2.58351915355  8.02250738779  0.948613524995  2.90112161688  4.43769457627  
0  23.0809248304  3.93537095646  9.67016657411  -2.68896110075  3.12386974926  -4.13135291697  
0  24.2393139526  0.167522333047  8.13605708057  3.6639281922  -1.61368731962  0.0346094308698  
0  25.7202921776  1.52832735714  9.50278732132  -0.0102209238256  -1.83329538045  -1.60764621242  
0  24.4120446362  2.54323043637  5.41483670521  -0.100103869892  2.47712168778  0.509991265932  
0  25.6985056506  4.00109985839  6.93709468232  1.36287133705  -2.97400566105  -2.25114665347  
0  21.6057275418  -0.048242587674  11.0269852592  1.27122509683  0.166307581697  -3.90025734696  
0  23.2255690927  1.23190573408  12.1935205475  -0.608306390212  2.03137037705  0.0587050716054  
0  21.5576734873  2.58630015956  13.4258057194  3.03746329583  0.149940135171  1.13078121306  
0  23.1882614948  4.17267782047  15.1033663912  -1.73708763498  -0.951892115023  -1.91441947176  
0  24.4771784778  -0.129606837557  13.6712824719  1.32368256579  2.28445476049  0.478486364972  
0  25.8577246102  1.41941922592  15.095673277  -2.00102229609  -1.97666571321  -0.997974262757  
0  24.4803194039  2.89728945959  10.7801501801  0.26817056057  -2.62022904521  3.06444493532  
0  25.8775267755  4.21571439488  12.0994064491  -0.674100737008  -2.2892029227  1.58065650792  
0  21.5649640805  -0.0405082100376  16.1364557152  4.31201218688  0.585903471469  2.16293641499  
0  23.0795000159  1.46525445689  17.4997251208  0.28502449354  -2.58550884538  1.0069688351  
0  21.6954009369  2.87153978666  18.8208779255  -0.417272968461  -4.08158903339  3.20310780636  
0  22.92464425  4.01323371697  20.4069816197  2.24725334751  1.33611978327  -1.82641048996  
0  24.5443100202  -0.19505880404  19.0445600473  -0.0857193288773  4.0075065559  -2.77584667428  
0  25.8169004166  1.47414428894  20.2447492598  -0.960413555191  -3.07115816995  1.66840305833  
0  24.5161238812  2.90564498476  16.3316952152  -0.752718953715  -2.88470342468  -0.377108360705  
0  25.6986580841  3.941835812  17.7522296285  2.09660341772  2.16536590817  0.760132105963  
0  21.8238328529  0.154786382969  21.7664030336  -2.40643594  -1.36505044089  -1.36948340957  
0  23.087362735  1.40147567487  23.1708841036  -0.00671633667382  -0.602996070671  -0.866815924876  
0  21.7414760305  2.83411653103  24.2376671528  -0.9256490516  -1.54231985895  4.23853408105  
0  23.080679018  4.12644031015  25.7208310831  0.704387219351  -1.35715364071  1.87107726395  
0  24.3674783109  -0.0627403788355  24.3865476047  2.80293126136  1.8269970995  1.20607009737  
0  25.8074415868  1.36041274418  25.9342684991  0.574204349126  -1.23373817069  -2.65357511666  
0  24.2952326615  2.56009400272  21.6594043358  1.90968098746  2.94796751011  1.29652019982  
0  25.6392749729  4.1484009376  23.1783018566  -0.0809169387078  -0.939633734976  -3.54376999181  
0  21.6446392469  5.53733641599  -0.130749823226  1.83558745011  -0.590522373568  3.36611677181  
0  23.2166985733  6.8401243442  1.41480873713  -2.31575744118  1.01462799741  -2.9601018636  
0  21.6123263766  8.33677142137  2.57955595768  0.706834056461  -4.01935701141  1.90119710689  
0  23.045614317  9.51406151719  3.9564681123  -1.09148106687  0.75359941328  2.50617331831  
0  24.4927364269  5.44658974936  2.63618124552  -0.762479575147  0.357145619865  2.63358640106  
0  25.7228984672  6.97489897437  4.03145083304  2.53149562607  -4.32535451827  0.774755787459  
0  24.6288218474  8.29406953875  -0.0204522519079  -4.11613046405  -0.67812407613  0.528106754428  
0  25.6516374008  9.51049724163  1.4271223085  2.53741790811  3.88353596416  0.0633553824259  
0  21.6902522365  5.24515611621  5.26732345156  -1.47033042541  4.80995534155  2.8917459354  
0  23.1313489846  6.94511844832  6.60086963657  -1.07135429992  -3.41552934059  1.07222019981  
0  21.7505305467  8.2257831713  8.19519013286  2.05232041878  -1.97298999175  -0.407612798917  
0  23.077569746  9.66205675494  9.37735683435  -0.592730135374  -1.58181917176  4.52519507906  
0  24.5199977391  5.33312919777  8.0124515129  -3.88986578923  2.0231793425  3.06292880527  
0  25.8519644668  6.67628361096  9.58118867625  -0.33283129531  1.8087161709  -1.19259294848  
0  24.5417473685  8.16620913251  5.25095489485  -0.760911153229  3.44179601599  2.60928135556  
0  25.8946762839  9.65477592671  6.85802381591  -0.907835865469  -6.234364747  -0.751815360759  
0  21.7531003527  5.59245792306  11.0387192841  0.385329752962  -3.91696402544  -3.01381069289  
0  23.0535776808  6.72711964417  12.0287789552  2.64700379513  2.03629880307  2.51589770565  
0  21.9012947266  8.18989273501  13.3922398255  -3.15927269384  -1.30356112419  2.02965427889  
0  22.9620601224  9.64116164331  14.8619645964  3.11426992114  -2.15290063445  -0.196685772987  
0  24.3524869319  5.37787851244  13.4710412079  1.50654645873  1.44845414615  0.944040686584  
0  25.9108356201  6.6186367907  15.0378156644  -1.06443551511  0.426652471752  -2.76512227132  
0  24.5296374658  8.34385096019  11.0248471261  -0.804852355139  -1.45799040295  -3.95310318809  
0  25.9406920779  9.56692000671  12.3177262115  2.03851961349  -0.278714011766  -2.14590796226  
0  21.7383289822  5.33044980861  16.4834757012  -0.912729972464  3.34374742615  -2.44376667217  
0  23.2192242707  6.81506208898  17.6589833688  -2.59245202438  -0.494709471262  2.52377809692  
0  21.8579215227  8.29658305839  19.1972613258  -2.04442370382  -5.65208013413  -2.90914049494  
0  22.9739683301  9.32341263703  20.4184917463  1.71940646444  5.89040847556  1.92390963141  
0  24.5442418382  5.47357746972  19.0895756124  -3.24250077543  -2.54293665246  -0.722814652647  
0  25.7616548565  6.7721274939  20.1850810525  2.53293506826  0.189448239882  4.35037975041  
0  24.3400699015  7.95425550607  16.2120624819  2.03857211786  4.23339430306  -0.412303334656  
0  25.9581468969  9.41084752845  17.6513601001  -3.35063001304  1.595880966  -2.54691608002  
0  21.58085254  5.43910413167  21.5313558631  1.67610274075  1.10856104648  3.00616246571  
0  23.0327873977  6.9232471821  23.0709757117  -0.386657401615  -4.76102783534  -0.388606328615  
0  21.7510449759  7.98886502722  24.556636123  -1.6138755571  2.56087526593  -0.713800339279  
0  22.9372049479  9.54889531277  25.8700816581  2.81228780414  -2.58265305355  -1.48199953269  
0  24.5405672593  5.52479206063  24.5111490337  -2.68031896718  1.43977128367  -0.576845449451  
0  25.7933298713  6.9311253532  25.8859021672  2.17359731445  -2.44898090817  -0.672657471572  
0  24.2731833194  8.06941252424  21.6786068782  3.49769588945  1.15452987109  0.540044959643  
0  25.5968363481  9.57918352029  23.2440226996  4.11986823289  -3.32199806128  -3.82187108138  
0  21.8096583348  10.7969278704  -0.0680096250338  -1.85599153711  1.55784499403  2.45342463235  
0  23.2756061416  12.2689118758  1.15957425815  -3.55928624072  -0.713156354071  1.70029260262  
0  21.5727949838  13.3844474055  2.65753772597  1.92616074285  1.3349829422  -1.97274231269  
0  22.9866847228  14.7395355046  3.99591518323  0.907876428024  3.08499106494  -0.78940984492  
0  24.2383670178  11.0251485984  2.79883441109  2.9274321596  -0.317726558319  -1.32928324296  
0  25.9100151752  12.3893089167  3.91478859152  -3.42775724389  -2.55863669223  4.66195200255  
0  24.5798633211  13.6728502698  0.116979556485  1.04637483432  -0.318015127894  -2.62210606448  
0  25.7866783009  15.0939877086  1.51451263444  2.55895981791  -2.78881466523  0.551554427981  
0  21.714991974  10.8649171955  5.59573591904  0.458935220451  -3.50263234343  -2.51645433774  
0  23.0130087276  12.0527529856  6.70928929943  0.0154757668178  2.17642952098  4.55860830572  
0  21.6234664967  13.6088810886  8.30403127166  1.54529802763  1.11803817804  -6.74526877145  
0  22.9671517143  14.9048434207  9.46426347753  2.17471757476  -0.884459631723  3.41720413689  
0  24.4586332891  10.6690808652  8.06913405035  -0.326331199402  3.99268711465  0.0653981204266  
0  25.7722567523  12.1689094937  9.43211512565  0.651956444672  -0.468276492161  -0.824899965844  
0  24.2457335895  13.5299468213  5.56308510431  2.20698067548  -0.832797961462  -2.87044272806  
0  25.8021591716  14.7576716317  6.77999684578  -0.515384054211  1.98982199577  0.972935769115  
0  21.5319477884  10.8278858336  11.0399395183  0.982815108364  0.300997703949  -3.56904988634  
0  22.9915416197  12.1655236614  12.167346299  0.372449285493  0.244288774148  2.9982159719  
0  21.5689840429  13.4973581364  13.7701707478  0.856641024207  1.12334712884  -5.03055419479  
0  23.0703067733  14.8318572061  14.8920959305  2.1242812694  0.698547080771  0.887984755842  
0  24.6165721221  10.7793334062  13.4653739213  -3.16566578349  2.49346459843  1.85573231806  
0  25.6881557063  12.3050047668  14.9691019824  2.68058831572  -0.0125878055031  -1.82629393765  
0  24.5256302577  13.4333224485  10.9307885335  -2.28639016391  2.16379295948  -2.2736334573  
0  25.777579401  15.0825906894  12.0601791634  1.34931486823  -1.5694242702  2.20842690022  
0  21.5834840817  10.9015501754  16.1053551781  0.354948022054  -1.34547175876  1.73271189351  
0  23.0362790621  12.0716836236  17.5085184045  0.250915991318  2.60489109894  3.06728395346  
0  21.7056591156  13.6411579795  19.1373917928  0.139232614002  -4.08882990643  -3.09751145592  
0  23.2004446186  14.804589298  20.2262514529  -0.172830525229  2.67900727917  2.43273623082  
0  24.4923492118  10.8517460407  19.1244925117  -1.91279083381  -3.36330321052  -2.58525525632  
0  25.7969764472  12.0646399393  20.3014386963  2.22685152901  4.19219743917  -1.86223026993  
0  24.5885875564  13.6649367584  16.4686715703  -3.6097519218  -1.61242586585  -1.96226511911  
0  25.8642237709  14.8166434865  17.7142400303  0.907644521247  5.03633341822  -0.326476040057  
0  21.6967935387  11.0029713688  21.8396319213  -0.949825588494  -3.09474595354  -3.42341607689  
0  23.0847874016  12.1807586184  22.9512070775  2.1152793344  1.29451311444  0.682430195435  
0  21.8627746053  13.5109719822  24.3809838123  -4.10250664242  0.843020030028  -0.726655462497  
0  22.940675532  14.7690014589  25.9234219865  4.14829506334  0.982248306735  -1.41284128995  
0  24.2951882411  10.7161433333  24.3267350759  0.203148547018  4.02170634329  3.06631961423  
0  25.9603328934  12.3832411125  25.6249139724  -3.76663380834  -2.32977776182  1.36923031317  
0  24.5876740696  13.4996013865  21.5343157659  -1.79489073428  -0.000578123108314  1.73524268719  
0  25.7219171313  15.083349867  22.9137362306  0.428131946839  -1.46124793072  -0.444981087273  
0  21.860081216  16.1055177489  0.0813372763509  -3.97625283898  2.41452423933  -2.11201529928  
0  22.9120700969  17.7186990916  1.2443710587  3.4841875429  -0.290673574351  1.96646697516  
0  21.7925386987  19.0973290402  2.69203441245  -4.27897656331  -1.64914799497  -1.39880297729  
0  22.8914747007  20.2913779773  3.92707051939  2.84160513311  -0.19566673078  4.57943065721  
0  24.5275355862  16.4450893442  2.74014468629  -5.62663657915  -1.49206355862  -0.707247443984  
0  25.6095656285  17.5992186456  4.1296424137  4.43831317453  1.57865920828  -2.50064309215  
0  24.4462091332  19.0918873735  0.0480992203791  1.46595398466  0.100216856283  1.54292887999  
0  25.9386302672  20.5374074088  1.55693389124  -1.54856354565  -2.77391412388  -1.82497953559  
0  21.7150045014  16.453373041  5.2360525824  2.13521893798  -1.93265548915  1.38844291089  
0  23.1881624494  17.7757548571  6.69282213397  -2.35437476302  -1.18963284963  0.72620515613  
0  21.6355229428  19.1787254025  8.02165727776  2.92088518887  -3.14435483473  3.45654819551  
0  22.9851654209  20.4517622075  9.64176857071  1.46498847591  -1.57366534355  -3.75353338889  
0  24.2818436183  16.2008829168  8.1718553879  2.36894131622  0.322792402018  -1.75721668537  
0  25.7377509481  17.5871490661  9.52065864087  -0.492580312261  1.33481022826  0.253833291169  
0  24.5825118664  18.9005487918  5.32868010645  -3.52543062891  3.89911193616  0.135029540717  
0  25.7881487184  20.3815319382  6.75121114445  1.93618187051  -0.94631613742  -0.301959819764  
0  21.8860181982  16.4615026188  10.8878922828  -2.48904012533  -3.47584323358  -0.595481916972  
0  23.2546104396  17.5102153999  12.0591965195  -0.627075431523  2.71553596868  4.32931898191  
0  21.8287592625  18.8929487043  13.7496491245  0.621800587702  0.839150120219  -4.69728291375  
0  23.0154033688  20.5048120673  14.8996856875  1.71453481067  -1.90921774639  1.9006390686  
0  24.5988701291  16.3612532424  13.6901331702  -2.17925514325  -1.71850692382  -0.913877453185  
0  25.6775827383  17.791459798  15.0380361648  1.8532056286  -0.48081289361  -0.285447569761  
0  24.2887438159  19.1490816161  10.8858335363  3.46448524248  -0.965975306801  -0.6431750139  
0  25.8743873693  20.539071514  12.1453491544  -1.40134087531  -3.50873248804  2.7939493286  
0  21.7386444148  16.1527351682  16.1874825619  -1.69500196113  -1.04474325882  2.44573490325  
0  23.130915699  17.4941764272  17.5207455889  -0.308339462716  -0.991832074768  2.90458000047  
0  21.8869631425  18.8531851556  19.0232488397  -2.93869047274  0.584346167386  -1.03503065926  
0  23.0756464565  20.3457691262  20.2412647381  -0.222076783617  -0.0351814169146  3.12704924056  
0  24.603911361  16.396083066  19.1738148139  -2.09735105761  -2.88003968681  -4.44919059651  
0  25.7525462611  17.5862979379  20.3265313184  -0.568988896425  3.21825912642  3.79403609875  
0  24.3339787546  18.9038799389  16.4671674155  -0.908555046193  2.86053099313  -3.79598629781  
0  25.6708920464  20.4016486901  17.467555299  0.585896322508  -1.65780348877  4.17784119053  
0  21.8129291282  16.3140969675  21.7016324911  -0.939530386223  -1.29707921082  -2.35104678986  
0  23.0347925575  17.6355096805  22.8850293769  0.973804125404  -1.47518668804  4.81754491501  
0  21.7224252843  18.9791285195  24.303319733  1.73968253681  0.604770571698  2.60198612599  
0  23.2500731894  20.5585385663  25.9502220389  -0.821193096042  -1.9817828822  -3.80380564923  
0  24.5943540229  16.1510497076  24.5787954155  -4.81097378421  0.27721742293  -0.897297577512  
0  25.7064025005  17.5711261722  25.8264491557  2.64903310691  2.98125126612  -0.679541533871  
0  24.2588970809  18.9859338672  21.8807599723  1.87585928686  -0.503670460485  -5.50390382263  
0  25.6235479113  20.2799233974  22.9637618803  1.05766974216  1.9308629962  2.10507500525  
0  21.8992491451  21.8851367024  -0.154175544678  -1.48958541518  -0.34469255304  3.2748680749  
0  23.2190401594  23.2579476711  1.28173842867  -2.37265838224  -2.03224096235  2.7925586592  
0  21.6663551319  24.5159450345  2.83850433419  0.849786218322  -2.69916587986  -3.6762345872  
0  22.8884733354  25.6765225311  3.95865393651  2.87379379892  2.56850693355  1.63093217142  
0  24.2907067455  21.5518859433  2.80619322527  1.21398100028  4.05288809245  -1.41048448829  
0  25.7519707622  23.1990277352  4.01431566204  -2.11974505789  -2.20864691505  0.174896554256  
0  24.4055105264  24.4406466279  -0.0924149333128  -0.59446899255  1.79235041162  -0.851744766552  
0  25.6623103082  25.6931805693  1.20920914331  2.15949643378  2.07440859465  2.91571879025  
0  21.6316491162  21.7129358837  5.43480079387  -2.86206453224  -0.990971399506  -0.797743486561  
0  22.8821923325  22.8902128335  6.93066179107  4.20387717225  0.453258403718  -1.32516235909  
0  21.8566296792  24.5818165362  7.96869666204  -2.19054503228  0.222372449832  1.35751503642  
0  23.2682474528  25.6755143291  9.52771627753  -4.58601014764  4.13239920894  -0.655574004378  
0  24.6306341141  21.6612251512  8.27873671151  -4.51529170766  -0.82387192319  -1.7363062344  
0  25.6108189556  23.136692537  9.31078099629  2.86356140489  1.63811851222  4.20755059932  
0  24.334698726  24.4771719226  5.28345188287  -0.619597125992  -1.49563028215  2.94122715812  
0  25.891482079  25.7355508822  6.70088724262  -2.33976209463  0.949574103192  1.32761633495  
0  21.8677482523  21.5331803514  10.8878600684  -3.76364829647  5.10021862912  2.3121342731  
0  23.1880659849  23.1124434039  12.3995644454  -3.84527093321  0.917088921068  -4.38234483541  
0  21.7105755466  24.552934816  13.5475348283  0.569367190089  -1.36192009481  2.67649404253  
0  23.2581540785  25.7720422383  15.0993924318  -2.6230489733  -0.805157078875  -1.22838742566  
0  24.2491459706  21.8233208212  13.4446235428  3.39538434452  -2.14809119954  1.72202227651  
0  25.6973561473  23.0362845665  14.7893185999  0.183123748276  -0.420172935923  1.38067169992  
0  24.2825833047  24.6303293205  10.8959735922  2.27184169253  -5.3409634102  -0.106290805378  
0  25.6323617174  25.7596499968  12.0965112279  1.53083137114  1.59883534413  0.950546477817  
0  21.8566650525  21.8849298338  16.3126179385  -2.53219063054  0.260226955476  -0.667868973858  
0  23.2143644432  23.165818928  17.6710393848  -1.11561185361  -1.17631024706  2.3445299834  
0  21.9050814653  24.5654620719  19.1214501419  -2.210920748  -1.5503983732  -1.69466354689  
0  23.1167939547  25.9218934945  20.3191008617  -0.0594508218551  -0.195861413755  2.42650732307  
0  24.4431040124  21.6602724038  19.1064172165  0.351231287637  0.524685581061  -3.21792616982  
0  25.7512712498  23.1126065094  20.1827129876  -0.0429997105599  0.529154524004  4.37110320457  
0  24.4914436995  24.3010297176  16.4077928069  1.59560447711  1.24860983238  -2.1940721442  
0  25.9013087345  25.849993589  17.4506659365  -1.06778429094  -3.33082308872  3.94551054531  
0  21.8780876505  21.8405545451  21.7919089095  0.426240628453  -2.37613042934  -0.0128289302087  
0  23.2766475576  23.064280134  23.1821723146  -3.05001284549  1.17473463683  0.506379118591  
0  21.5380972684  24.392747878  24.3854731616  3.90721584889  -0.489390498819  3.20342409629  
0  23.0722467363  25.9864929829  25.842350322  -1.33215171044  -4.44825916897  -2.00009558567  
0  24.5963040052  21.8211175078  24.4773242895  -0.951192679219  -1.76474105303  -0.605350592655  
0  25.6760360562  23.276890201  25.6872560644  2.22065879598  -1.29988426125  1.60986351405  
0  24.2497788274  24.608992548  21.9218093946  2.17398835937  -1.53604009688  -3.00623704651  
0  25.8438254444  25.6982409983  23.0562253444  1.07332196199  3.05184844231  -0.269169900863  
