#N 300 1
#C Mo S
#X   3.149072e+01  1.850000e-03  8.100000e-04
#Y  -1.574375e+01  2.727263e+01 -8.100000e-04
#Z   7.590000e-04 -4.440000e-04  2.005494e+01
#E   1.132320e+01
#F
0  3.581626e-02  6.807927e-02  8.248985e-01 -1.525418e+00 -5.816870e-01  5.080980e-01
0  6.795538e-02  3.198983e-02  7.525778e-01  6.319400e-02  1.290580e-01 -4.667790e-01
0  7.146676e-02  4.045728e-02  9.064223e-01  6.661600e-02 -8.979650e-01 -1.582180e-01
0  1.361708e-01  6.876006e-02  8.260871e-01  9.456900e-02 -7.317040e-01 -1.242930e-01
0  1.660168e-01  3.058198e-02  7.472408e-01  1.398810e-01  2.358590e-01  7.586570e-01
0  1.616288e-01  2.783773e-02  9.049096e-01  8.920010e-01  1.903818e+00 -9.339400e-02
0  2.347103e-01  6.696665e-02  8.257236e-01 -1.762296e+00 -1.282901e+00  1.677348e+00
0  2.647926e-01  2.945072e-02  7.523866e-01  5.840250e-01  8.658860e-01 -1.223940e-01
0  2.620900e-01  3.132478e-02  9.112867e-01  6.105120e-01  5.612790e-01 -9.755420e-01
0  3.332481e-01  6.703164e-02  8.321786e-01 -1.094421e+00 -1.403199e+00  9.210620e-01
0  3.676153e-01  3.442715e-02  7.562195e-01  1.647560e-01 -2.586600e-01 -3.803800e-02
0  3.654544e-01  3.416491e-02  9.134451e-01  3.665500e-02  6.067000e-02 -3.624900e-01
0  4.324177e-01  6.929899e-02  8.353286e-01  9.178730e-01 -1.341042e+00  2.324100e-01
0  4.660888e-01  3.158917e-02  7.606334e-01 -7.940950e-01  3.192580e-01  4.274730e-01
0  4.626731e-01  3.228163e-02  9.174038e-01  3.384420e-01  1.003425e+00 -4.080030e-01
0  5.317104e-01  6.765016e-02  8.377218e-01  9.247760e-01 -1.180236e+00 -3.314850e-01
0  5.600060e-01  2.704870e-02  7.512440e-01 -1.911300e-01  8.532640e-01  1.270013e+00
0  5.675247e-01  3.355244e-02  9.104652e-01 -1.039900e-02 -1.506600e-01 -2.586380e-01
0  6.302375e-01  6.448090e-02  8.244507e-01 -2.172110e-01  4.303720e-01  7.769350e-01
0  6.623798e-01  3.050079e-02  7.484725e-01  6.857190e-01  2.219660e-01  1.806760e-01
0  6.668217e-01  3.401727e-02  9.042514e-01 -3.912850e-01 -5.728900e-01 -1.270700e-01
0  7.328996e-01  6.461796e-02  8.282052e-01 -8.045320e-01  7.360780e-01 -1.209572e+00
0  7.661740e-01  3.305195e-02  7.487263e-01  2.145140e-01 -1.118800e-01 -3.260800e-02
0  7.647055e-01  3.119493e-02  9.050652e-01  4.203500e-02  7.750800e-02  5.803080e-01
0  8.313724e-01  6.460690e-02  8.298127e-01  4.752640e-01 -3.469470e-01  1.221120e-01
0  8.646333e-01  2.842484e-02  7.540523e-01 -4.307040e-01 -1.332460e-01  5.246800e-02
0  8.641777e-01  2.724435e-02  9.083027e-01 -4.699240e-01  1.613266e+00  6.403690e-01
0  9.308317e-01  6.415672e-02  8.302197e-01  2.607730e-01 -2.352370e-01 -1.027900e-01
0  9.640972e-01  3.119930e-02  7.534299e-01  3.461530e-01 -1.392530e-01 -5.408900e-02
0  9.691338e-01  3.449333e-02  9.083936e-01  5.183400e-02  2.897300e-01 -3.449440e-01
0  3.252166e-02  1.650566e-01  8.246137e-01 -1.524877e+00 -7.721130e-01 -1.542374e+00
0  6.177677e-02  1.315573e-01  7.429766e-01  1.323475e+00  2.161400e-01  5.050320e-01
0  6.849949e-02  1.360024e-01  8.986339e-01 -2.413530e-01 -9.627460e-01  1.631241e+00
0  1.328924e-01  1.653487e-01  8.260243e-01  6.733080e-01  5.401960e-01 -1.594558e+00
0  1.705470e-01  1.357062e-01  7.457019e-01 -3.674780e-01 -3.386460e-01  6.492710e-01
0  1.690777e-01  1.348470e-01  9.049506e-01 -4.511240e-01 -1.114090e-01 -6.051900e-02
0  2.352985e-01  1.689755e-01  8.283625e-01  1.399650e-01 -1.000207e+00 -7.538550e-01
0  2.665701e-01  1.327883e-01  7.503828e-01  4.930340e-01  7.033920e-01  3.066100e-02
0  2.638597e-01  1.334246e-01  9.078144e-01  7.015740e-01 -3.171260e-01 -3.506760e-01
0  3.332759e-01  1.666189e-01  8.325077e-01 -1.510390e+00  7.685930e-01 -5.945910e-01
0  3.645603e-01  1.319964e-01  7.567495e-01  3.038870e-01  5.141370e-01 -9.298380e-01
0  3.615204e-01  1.329318e-01  9.111317e-01  1.142571e+00 -1.438300e-02  2.911850e-01
0  4.311099e-01  1.685601e-01  8.335336e-01  1.601930e-01 -7.124540e-01  2.752360e-01
0  4.665902e-01  1.352039e-01  7.587543e-01 -3.938050e-01 -2.219620e-01 -7.577710e-01
0  4.654776e-01  1.362505e-01  9.098622e-01  2.996960e-01  7.774400e-02  5.702300e-01
0  5.335889e-01  1.671824e-01  8.329531e-01 -3.428670e-01 -4.593550e-01 -9.787760e-01
0  5.639589e-01  1.283572e-01  7.534136e-01 -6.650260e-01  8.108990e-01  3.584370e-01
0  5.694440e-01  1.390707e-01  9.120889e-01  3.087700e-02 -1.023116e+00  7.869000e-02
0  6.321245e-01  1.668833e-01  8.288385e-01 -4.929180e-01 -3.271280e-01 -1.311866e+00
0  6.626203e-01  1.324740e-01  7.471987e-01  5.676750e-01 -3.138490e-01  4.862030e-01
0  6.624605e-01  1.333148e-01  9.025595e-01  1.130106e+00 -1.002429e+00  1.002580e+00
0  7.302099e-01  1.625556e-01  8.292511e-01 -1.416910e-01  4.907520e-01 -2.288299e+00
0  7.665219e-01  1.322488e-01  7.482611e-01 -3.652780e-01 -2.262620e-01  4.167980e-01
0  7.665389e-01  1.328434e-01  9.034040e-01  1.166400e-01 -2.869850e-01  7.025050e-01
0  8.333070e-01  1.665191e-01  8.260122e-01  1.345350e-01 -1.497550e-01  4.421650e-01
0  8.626369e-01  1.286046e-01  7.502481e-01  1.371250e-01  6.492400e-01 -1.377120e-01
0  8.637418e-01  1.326769e-01  9.079457e-01  2.150850e-01 -1.403620e-01 -3.948590e-01
0  9.299632e-01  1.656666e-01  8.280203e-01  4.984240e-01 -8.937820e-01 -8.210700e-02
0  9.576778e-01  1.286322e-01  7.488361e-01  1.236981e+00  4.044050e-01  2.796460e-01
0  9.650018e-01  1.323256e-01  9.012956e-01  8.193900e-02  8.728000e-02  9.114840e-01
0  3.338095e-02  2.636368e-01  8.275297e-01  2.580490e-01  9.683380e-01  1.093611e+00
0  6.499311e-02  2.318653e-01  7.480078e-01  4.355570e-01 -1.220970e-01 -4.402610e-01
0  6.400402e-02  2.269300e-01  9.027247e-01  1.965780e-01  1.160187e+00  8.454100e-01
0  1.319101e-01  2.642058e-01  8.258758e-01 -1.815800e-02  2.210100e-02  2.407340e-01
0  1.675842e-01  2.314943e-01  7.502290e-01 -1.030420e-01  3.603520e-01 -3.573830e-01
0  1.666349e-01  2.325612e-01  9.022592e-01  7.164100e-02 -1.855480e-01  6.494260e-01
0  2.350416e-01  2.656662e-01  8.283965e-01 -6.736070e-01 -1.341620e-01  3.206080e-01
0  2.707625e-01  2.348808e-01  7.512613e-01 -2.574880e-01  4.080530e-01 -2.956680e-01
0  2.663749e-01  2.309325e-01  9.081126e-01 -2.529470e-01  1.206096e+00  3.565780e-01
0  3.344952e-01  2.728539e-01  8.319808e-01  2.212008e+00 -3.019101e+00  7.214360e-01
0  3.699613e-01  2.358593e-01  7.547749e-01 -1.450794e+00 -3.228870e-01 -1.596200e-02
0  3.679200e-01  2.358408e-01  9.100509e-01 -7.476450e-01 -5.027700e-02 -2.830650e-01
0  4.328143e-01  2.684957e-01  8.318146e-01  1.076793e+00  1.085083e+00  1.288301e+00
0  4.630093e-01  2.348320e-01  7.559557e-01  5.774730e-01 -5.927960e-01 -9.464730e-01
0  4.654599e-01  2.333786e-01  9.122827e-01 -1.195230e-01  5.104070e-01 -4.811220e-01
0  5.310198e-01  2.643242e-01  8.286374e-01 -6.929920e-01  1.204600e+00  9.654820e-01
0  5.609893e-01  2.313320e-01  7.511321e-01  1.362403e+00 -1.938220e-01 -3.273440e-01
0  5.664701e-01  2.332703e-01  9.051905e-01  3.778800e-01  7.043680e-01  5.480060e-01
0  6.335515e-01  2.663655e-01  8.251675e-01 -1.051686e+00  1.484380e-01  4.753500e-02
0  6.635704e-01  2.306626e-01  7.478460e-01  2.278910e-01  2.962240e-01 -5.981240e-01
0  6.693586e-01  2.353831e-01  8.998602e-01 -1.067970e-01 -2.236300e-02  8.849920e-01
0  7.336211e-01  2.650869e-01  8.205772e-01 -3.446300e-01 -1.799180e-01  1.077032e+00
0  7.668536e-01  2.293409e-01  7.495390e-01  2.662750e-01  1.003500e-02 -3.045140e-01
0  7.642721e-01  2.298292e-01  8.997756e-01  1.732410e-01  7.033760e-01  1.110804e+00
0  8.348275e-01  2.659126e-01  8.289992e-01  3.655690e-01 -4.193280e-01 -1.323759e+00
0  8.728697e-01  2.333206e-01  7.499725e-01 -1.370253e+00  2.069790e-01 -2.484700e-01
0  8.709008e-01  2.358678e-01  9.024285e-01 -4.700000e-01 -1.044052e+00  1.121119e+00
0  9.363808e-01  2.670204e-01  8.287946e-01  8.592980e-01 -2.390560e-01 -5.111800e-02
0  9.695225e-01  2.323667e-01  7.519330e-01 -9.899410e-01 -1.573080e-01 -7.677960e-01
0  9.666173e-01  2.288644e-01  9.076626e-01 -3.015020e-01  9.536760e-01 -9.494200e-02
0  3.675584e-02  3.673483e-01  8.307176e-01 -8.929130e-01 -6.364230e-01 -1.956250e-01
0  6.973941e-02  3.344185e-01  7.534402e-01 -3.935890e-01 -5.007210e-01 -7.832240e-01
0  6.839040e-02  3.311346e-01  9.073097e-01 -3.171000e-03  9.084100e-02 -2.867380e-01
0  1.354589e-01  3.672969e-01  8.272075e-01 -2.286910e-01 -5.973330e-01  1.327966e+00
0  1.646722e-01  3.297915e-01  7.499822e-01  3.147520e-01  7.497650e-01 -4.783000e-01
0  1.655070e-01  3.320681e-01  9.026829e-01 -1.331040e-01 -7.732440e-01  1.257833e+00
0  2.307895e-01  3.631341e-01  8.300042e-01  1.130957e+00  9.915230e-01 -4.010770e-01
0  2.663165e-01  3.314442e-01  7.526985e-01 -3.003080e-01  2.998610e-01 -7.053670e-01
0  2.684928e-01  3.327286e-01  9.065910e-01 -7.727960e-01 -4.094720e-01  3.826570e-01
0  3.320502e-01  3.678613e-01  8.288291e-01  2.360011e+00  4.527940e-01  3.674000e-02
1  3.725579e-01  3.353937e-01  7.564222e-01 -1.623713e+00  6.985980e-01 -1.194733e+00
1  3.701533e-01  3.395568e-01  9.111572e-01 -4.599020e-01 -4.103400e-01 -2.716310e-01
1  4.360573e-01  3.686296e-01  8.327342e-01 -8.192450e-01  1.728918e+00 -7.177700e-02
1  4.683178e-01  3.367156e-01  7.527271e-01  2.854990e-01 -6.530640e-01  8.824300e-02
1  4.690099e-01  3.378512e-01  9.089363e-01  6.650580e-01 -9.441720e-01  3.818260e-01
1  5.349432e-01  3.659402e-01  8.294375e-01 -1.069426e+00  8.669620e-01  3.450710e-01
1  5.662634e-01  3.323619e-01  7.504399e-01  1.624920e-01 -2.229880e-01  2.550570e-01
1  5.652935e-01  3.302506e-01  9.071634e-01  1.872260e-01  1.864330e-01  1.379140e-01
1  6.329438e-01  3.651448e-01  8.305741e-01 -9.699900e-02 -2.160560e-01 -8.061000e-03
1  6.645375e-01  3.328376e-01  7.469032e-01  3.869890e-01  7.281300e-02  3.331560e-01
1  6.692332e-01  3.332308e-01  9.044737e-01 -9.986800e-02 -4.030590e-01 -1.833800e-01
1  7.340452e-01  3.660944e-01  8.229156e-01 -3.835200e-02 -1.334436e+00  6.272770e-01
1  7.686783e-01  3.320526e-01  7.479528e-01 -4.044290e-01  1.048340e-01 -9.354610e-01
1  7.648300e-01  3.289595e-01  9.047582e-01 -8.518900e-02  2.013780e-01 -6.897140e-01
1  8.319727e-01  3.623252e-01  8.275877e-01  1.197320e-01  1.526202e+00  1.167703e+00
1  8.689497e-01  3.337423e-01  7.543072e-01  2.523860e-01 -5.973890e-01 -1.445571e+00
1  8.691983e-01  3.320375e-01  9.067665e-01 -2.099970e-01  2.591390e-01 -4.080540e-01
1  9.370204e-01  3.689317e-01  8.254626e-01 -9.017670e-01 -5.076310e-01  1.526832e+00
1  9.706516e-01  3.341632e-01  7.533470e-01  2.480700e-02  1.326750e-01 -8.742290e-01
1  9.680010e-01  3.332531e-01  9.056772e-01  1.814960e-01  3.923230e-01  1.353920e-01
1  3.266800e-02  4.660643e-01  8.278358e-01 -4.321230e-01 -4.455400e-02  5.379030e-01
1  6.480020e-02  4.339090e-01  7.505720e-01  1.365536e+00 -2.290640e-01  1.975930e-01
1  6.561033e-02  4.314231e-01  9.090894e-01  2.532820e-01  8.096130e-01 -3.666450e-01
1  1.346775e-01  4.662389e-01  8.304572e-01 -1.511481e+00  5.262800e-02 -8.649970e-01
1  1.712737e-01  4.336403e-01  7.547369e-01 -6.134770e-01  7.163920e-01 -6.528790e-01
1  1.662161e-01  4.342398e-01  9.092784e-01  2.939410e-01 -7.481450e-01  4.026450e-01
1  2.343512e-01  4.676364e-01  8.366045e-01  4.657040e-01 -1.423713e+00 -1.711683e+00
1  2.693492e-01  4.339310e-01  7.588609e-01 -7.432570e-01 -1.534260e-01 -4.399620e-01
1  2.655382e-01  4.305214e-01  9.102017e-01 -3.036200e-02 -3.099430e-01  5.328450e-01
1  3.336549e-01  4.664765e-01  8.367215e-01 -3.865500e-01  9.630170e-01 -1.372796e+00
1  3.644739e-01  4.351060e-01  7.502197e-01  2.874260e-01 -1.848000e-02  5.243750e-01
1  3.691630e-01  4.344808e-01  9.072008e-01 -4.988500e-02 -4.599740e-01  5.953810e-01
1  4.334041e-01  4.678403e-01  8.279792e-01  4.760100e-02 -1.052100e-01 -9.382210e-01
1  4.666330e-01  4.340029e-01  7.493678e-01  1.148680e-01 -1.896880e-01  3.527970e-01
1  4.704979e-01  4.411025e-01  9.058338e-01  2.166740e-01 -1.579332e+00  3.798690e-01
1  5.339502e-01  4.655354e-01  8.269904e-01 -6.059550e-01  1.464499e+00  6.715520e-01
1  5.678939e-01  4.338087e-01  7.505267e-01  4.916380e-01 -5.798730e-01  4.428980e-01
1  5.649157e-01  4.335906e-01  9.103203e-01  5.359530e-01 -4.686840e-01 -4.267650e-01
1  6.325986e-01  4.650984e-01  8.346433e-01 -1.909100e-02 -3.978360e-01 -6.480320e-01
1  6.641755e-01  4.300105e-01  7.540915e-01 -8.768400e-02  6.268100e-01  7.210200e-02
1  6.666455e-01  4.311880e-01  9.129039e-01 -2.619950e-01 -1.755640e-01 -4.715110e-01
1  7.311618e-01  4.641087e-01  8.318310e-01  3.244620e-01 -2.434390e-01 -1.055374e+00
1  7.657960e-01  4.323955e-01  7.479620e-01 -1.126040e-01  4.122920e-01  3.411060e-01
1  7.650042e-01  4.285189e-01  9.041213e-01 -2.501100e-01  3.148000e-01  7.459430e-01
1  8.311651e-01  4.637436e-01  8.295713e-01 -2.247520e-01  7.909020e-01 -8.846600e-01
1  8.655302e-01  4.312745e-01  7.513229e-01 -1.585500e-02 -2.108760e-01  2.527910e-01
1  8.633951e-01  4.294116e-01  9.075359e-01  2.404510e-01 -2.303040e-01 -1.125230e-01
1  9.313912e-01  4.644776e-01  8.313459e-01 -1.015923e+00  1.283109e+00 -2.597830e-01
1  9.648024e-01  4.378803e-01  7.498080e-01  1.291582e+00 -9.617030e-01 -2.883970e-01
1  9.670088e-01  4.336946e-01  9.073840e-01  1.260090e-01 -3.207500e-01 -9.863000e-03
1  3.091360e-02  5.652112e-01  8.251670e-01  3.841100e-02  8.121200e-02  1.182560e+00
1  6.341860e-02  5.313944e-01  7.497004e-01  4.038220e-01  1.831000e-01 -3.871300e-01
1  6.549576e-02  5.322855e-01  9.035296e-01 -2.425040e-01  2.164400e-01  3.474550e-01
1  1.317638e-01  5.658277e-01  8.267198e-01 -1.157310e-01  1.292240e-01  8.318450e-01
1  1.665546e-01  5.341516e-01  7.527120e-01  6.807280e-01 -6.494890e-01 -3.498330e-01
1  1.656855e-01  5.333127e-01  9.061193e-01 -4.609600e-02  5.532300e-02  1.726970e-01
1  2.338005e-01  5.661492e-01  8.307894e-01 -2.822450e-01  1.463960e-01 -7.158020e-01
1  2.676671e-01  5.315049e-01  7.545936e-01  1.453950e-01  6.774350e-01  6.551720e-01
1  2.620697e-01  5.303704e-01  9.114527e-01  7.538810e-01  1.660555e+00  8.614370e-01
1  3.347436e-01  5.693189e-01  8.380226e-01 -1.569495e+00 -1.400989e+00 -4.674000e-01
1  3.650752e-01  5.371871e-01  7.585913e-01  1.909010e-01 -1.410504e+00 -6.956340e-01
1  3.666006e-01  5.316414e-01  9.155490e-01 -1.788980e-01  5.752170e-01 -4.208540e-01
1  4.307276e-01  5.638356e-01  8.297181e-01  5.032860e-01  1.341688e+00  1.992851e+00
1  4.664573e-01  5.366280e-01  7.522885e-01  5.255410e-01 -8.190470e-01 -6.178320e-01
1  4.665372e-01  5.309928e-01  9.084449e-01 -2.067350e-01  7.104030e-01 -4.280080e-01
1  5.338036e-01  5.666467e-01  8.285014e-01 -3.179560e-01  1.470120e-01  3.431100e-02
1  5.665937e-01  5.310432e-01  7.483041e-01 -4.768830e-01  5.340800e-01  4.558110e-01
1  5.662332e-01  5.337848e-01  9.096805e-01  1.689690e-01 -3.827660e-01 -9.617260e-01
1  6.314289e-01  5.650611e-01  8.290162e-01  1.168534e+00 -4.316400e-01  4.700920e-01
1  6.635667e-01  5.288141e-01  7.528850e-01 -1.940600e-02  4.095200e-01  2.601400e-02
1  6.647460e-01  5.314725e-01  9.114307e-01  1.432030e-01  7.465180e-01 -7.915930e-01
1  7.315712e-01  5.652037e-01  8.272881e-01 -5.562050e-01 -1.684070e-01  7.250560e-01
1  7.608706e-01  5.280601e-01  7.500896e-01  4.122780e-01  5.704830e-01  4.003000e-02
1  7.641220e-01  5.322884e-01  9.046455e-01  1.647000e-01  1.575130e-01  5.274550e-01
1  8.304755e-01  5.655027e-01  8.264440e-01 -3.893200e-01 -7.302900e-02  3.834770e-01
1  8.626940e-01  5.306807e-01  7.484399e-01  4.086050e-01  2.336930e-01  9.383950e-01
1  8.598733e-01  5.309857e-01  9.075170e-01  7.706010e-01  2.060070e-01 -2.464480e-01
1  9.303082e-01  5.664350e-01  8.319674e-01 -3.825030e-01 -1.526308e+00 -1.363650e+00
1  9.622081e-01  5.330509e-01  7.499684e-01  1.711370e-01 -3.208020e-01  8.085400e-01
1  9.625303e-01  5.313602e-01  9.092029e-01  5.704910e-01  4.378390e-01 -5.852920e-01
1  3.309831e-02  6.648132e-01  8.295339e-01  1.349210e-01  5.552800e-02 -4.469470e-01
1  6.620411e-02  6.321300e-01  7.472166e-01 -1.806360e-01  2.143240e-01  6.642760e-01
1  6.880254e-02  6.307866e-01  9.057142e-01 -9.987760e-01  4.378300e-02 -2.350540e-01
1  1.334187e-01  6.669314e-01  8.275572e-01  3.576450e-01 -8.404850e-01 -6.193800e-02
1  1.634138e-01  6.298536e-01  7.476690e-01  1.778670e-01  7.638300e-01  1.894890e-01
1  1.686993e-01  6.339853e-01  9.056160e-01 -1.211736e+00 -1.013392e+00  2.227590e-01
1  2.307016e-01  6.624202e-01  8.281947e-01  8.692400e-02  8.073060e-01 -9.603170e-01
1  2.666166e-01  6.325313e-01  7.494050e-01  2.628560e-01 -1.097880e-01  2.558920e-01
1  2.657953e-01  6.329381e-01  9.069589e-01  2.896150e-01  4.776500e-02  7.476100e-02
1  3.338479e-01  6.708614e-01  8.287739e-01 -4.364830e-01 -2.277635e+00  2.632500e-01
1  3.676158e-01  6.349763e-01  7.565235e-01 -4.422720e-01 -3.413910e-01 -3.369270e-01
1  3.628743e-01  6.359884e-01  9.115806e-01  8.067510e-01  3.534390e-01  2.912940e-01
1  4.311975e-01  6.659469e-01  8.342600e-01  1.050725e+00  7.617200e-02  1.087000e-01
1  4.654127e-01  6.329794e-01  7.554846e-01  7.460500e-02 -4.467100e-02  1.254160e-01
1  4.646722e-01  6.282223e-01  9.102042e-01 -1.296760e-01  8.068200e-01 -4.535620e-01
1  5.343316e-01  6.651864e-01  8.322556e-01 -1.334594e+00 -1.076560e-01 -4.102030e-01
1  5.672642e-01  6.355124e-01  7.473714e-01 -3.648900e-02 -1.007131e+00  6.891540e-01
1  5.654778e-01  6.310899e-01  9.120620e-01  5.123540e-01  7.887200e-02 -1.183194e+00
1  6.314768e-01  6.635238e-01  8.263824e-01  1.464400e-01  9.942900e-02  8.773910e-01
1  6.682972e-01  6.299683e-01  7.508405e-01 -8.355110e-01  5.320010e-01 -3.131190e-01
1  6.675079e-01  6.333625e-01  9.030821e-01  4.564300e-02 -1.448040e-01  5.494280e-01
1  7.353618e-01  6.682638e-01  8.272177e-01 -1.383807e+00 -1.731690e-01  9.789300e-02
1  7.652548e-01  6.331137e-01  7.531117e-01  5.648340e-01 -1.677180e-01 -1.615171e+00
1  7.685689e-01  6.351374e-01  8.999426e-01  3.028800e-01 -3.071540e-01  1.182656e+00
1  8.352552e-01  6.684597e-01  8.229808e-01 -1.271606e+00 -1.115440e-01  2.721070e-01
1  8.634039e-01  6.307702e-01  7.484055e-01  6.798930e-01  4.578270e-01 -5.013890e-01
1  8.638709e-01  6.356481e-01  9.055687e-01  9.604040e-01 -5.467540e-01 -6.094130e-01
1  9.328251e-01  6.684699e-01  8.253985e-01  2.528220e-01 -3.095792e+00  1.070996e+00
1  9.649225e-01  6.309016e-01  7.509252e-01  8.420900e-02  3.880520e-01  2.633820e-01
1  9.635605e-01  6.312212e-01  9.055286e-01 -4.298600e-02  1.095068e+00  3.102810e-01
1  3.323455e-02  7.630598e-01  8.290168e-01 -7.173100e-01  7.757680e-01  2.792340e-01
1  7.054780e-02  7.336206e-01  7.513555e-01 -5.393980e-01 -5.759640e-01  5.418060e-01
1  6.429857e-02  7.303794e-01  9.093428e-01  1.513210e-01 -4.260040e-01  2.978570e-01
1  1.323794e-01  7.652327e-01  8.365097e-01  5.541000e-03  7.106900e-01 -1.631893e+00
1  1.647566e-01  7.346687e-01  7.532255e-01  3.958630e-01  1.062400e-02 -1.153110e-01
1  1.653727e-01  7.314539e-01  9.100088e-01  3.351010e-01 -9.067500e-02  1.433320e-01
1  2.316218e-01  7.654092e-01  8.301552e-01 -6.226340e-01 -2.502420e-01  1.027227e+00
1  2.631518e-01  7.302946e-01  7.547759e-01  3.144250e-01  5.774220e-01 -5.498140e-01
1  2.602569e-01  7.265414e-01  9.071658e-01  2.488170e-01  1.016589e+00  4.263660e-01
1  3.304362e-01  7.675196e-01  8.347505e-01  3.726950e-01 -9.990850e-01 -3.125440e-01
1  3.649683e-01  7.370222e-01  7.547983e-01  1.710240e-01  1.374300e-01 -4.575590e-01
1  3.648481e-01  7.327118e-01  9.082896e-01 -5.542150e-01  4.243800e-01  1.261690e+00
1  4.300562e-01  7.650771e-01  8.346338e-01  1.044143e+00  1.020559e+00 -1.424063e+00
1  4.646719e-01  7.326639e-01  7.532957e-01 -4.267980e-01 -3.941790e-01  2.246310e-01
1  4.671660e-01  7.316942e-01  9.093929e-01 -1.997570e-01  5.454100e-01  6.445400e-02
1  5.324942e-01  7.642995e-01  8.258623e-01 -6.807710e-01  7.666360e-01  1.516593e+00
1  5.644236e-01  7.317635e-01  7.504071e-01  3.317020e-01 -7.482410e-01 -4.321400e-01
1  5.654490e-01  7.319617e-01  9.092264e-01 -3.146120e-01 -8.940800e-02 -2.522270e-01
1  6.284753e-01  7.625377e-01  8.284722e-01  1.089464e+00  1.671031e+00  4.738320e-01
1  6.659730e-01  7.304996e-01  7.536635e-01 -3.476030e-01  5.039620e-01 -5.051860e-01
1  6.625087e-01  7.290797e-01  9.054998e-01 -2.684210e-01 -3.841000e-03  6.524870e-01
1  7.309420e-01  7.647569e-01  8.349851e-01 -2.830120e-01  1.180110e+00 -1.286249e+00
1  7.649323e-01  7.364058e-01  7.513720e-01  5.254470e-01 -3.393240e-01 -1.288950e-01
1  7.675472e-01  7.344399e-01  9.054333e-01  5.229210e-01 -4.175310e-01  8.988910e-01
1  8.334737e-01  7.679608e-01  8.267475e-01  7.770850e-01  9.386500e-02  4.573700e-02
1  8.678427e-01  7.362170e-01  7.430855e-01 -2.166900e-01 -2.943510e-01  6.550350e-01
1  8.687986e-01  7.351077e-01  9.003291e-01 -6.093690e-01 -7.097260e-01  7.221820e-01
1  9.325625e-01  7.643532e-01  8.247078e-01  5.485390e-01  1.519432e+00 -4.700750e-01
1  9.677212e-01  7.305220e-01  7.495283e-01 -1.760830e-01  1.062763e+00 -9.513410e-01
1  9.644340e-01  7.314159e-01  9.046757e-01  2.928090e-01  2.336820e-01  2.606450e-01
1  3.246750e-02  8.646134e-01  8.362383e-01  3.533970e-01 -3.233300e-02 -1.148075e+00
1  6.551443e-02  8.313230e-01  7.550196e-01 -4.112630e-01  7.063800e-02 -2.385090e-01
1  6.666585e-02  8.294042e-01  9.102988e-01 -6.214580e-01 -2.917640e-01  1.271300e-01
1  1.301917e-01  8.628075e-01  8.315329e-01  9.704780e-01  2.244742e+00  4.072860e-01
1  1.662000e-01  8.341888e-01  7.559116e-01  3.879930e-01 -8.137110e-01 -1.472760e-01
1  1.665341e-01  8.320211e-01  9.121715e-01 -4.102150e-01  3.667600e-01 -1.083600e-01
1  2.326909e-01  8.679761e-01  8.324151e-01  4.993600e-01 -6.835960e-01  2.718360e-01
1  2.651989e-01  8.320012e-01  7.563041e-01  1.840300e-01  9.281600e-01 -1.308510e-01
1  2.652226e-01  8.333276e-01  9.103308e-01 -5.167240e-01 -5.892910e-01  3.457370e-01
1  3.322021e-01  8.668086e-01  8.384761e-01  2.452650e-01 -3.068300e-01 -4.574400e-01
1  3.633365e-01  8.351975e-01  7.594225e-01  6.895000e-02 -6.412220e-01 -8.459460e-01
1  3.646021e-01  8.306552e-01  9.169650e-01 -6.796580e-01  2.062530e-01 -1.528970e-01
1  4.274185e-01  8.648682e-01  8.352738e-01  2.071068e+00  1.088990e+00 -1.548400e-02
1  4.614027e-01  8.331325e-01  7.535332e-01  8.636100e-02 -5.122870e-01  7.271880e-01
1  4.642566e-01  8.321951e-01  9.096533e-01  2.259000e-03 -9.237800e-02  3.725130e-01
1  5.294793e-01  8.635546e-01  8.305082e-01 -5.787800e-02  8.058390e-01 -3.345660e-01
1  5.649349e-01  8.334716e-01  7.493080e-01  1.912900e-01 -2.266170e-01  4.593380e-01
1  5.657400e-01  8.322907e-01  9.039079e-01  5.914700e-02 -2.982530e-01  3.654370e-01
1  6.334444e-01  8.677265e-01  8.290009e-01 -8.488350e-01 -1.019573e+00 -1.510118e+00
1  6.644955e-01  8.318845e-01  7.519654e-01  3.157420e-01 -4.710000e-02  1.152680e-01
1  6.602827e-01  8.314958e-01  9.085118e-01  1.217737e+00 -1.223640e-01 -5.239920e-01
1  7.321112e-01  8.675956e-01  8.302409e-01 -3.203210e-01 -2.281429e+00  6.704000e-01
1  7.670322e-01  8.314626e-01  7.567654e-01 -7.185860e-01  2.750550e-01  2.235700e-02
1  7.631551e-01  8.332297e-01  9.111664e-01  1.203330e-01 -9.150100e-02  1.170920e-01
1  8.319041e-01  8.659407e-01  8.360611e-01  1.773406e+00 -1.228397e+00  2.858220e-01
1  8.698813e-01  8.356078e-01  7.523107e-01 -8.018440e-01  4.537680e-01  7.238180e-01
1  8.684976e-01  8.301571e-01  9.143950e-01 -7.083240e-01  7.838080e-01 -1.451002e+00
1  9.356325e-01  8.701913e-01  8.318408e-01  6.616820e-01 -2.135355e+00  1.408140e-01
1  9.681733e-01  8.342571e-01  7.511593e-01 -1.118660e-01  2.179420e-01  7.888240e-01
1  9.649648e-01  8.280721e-01  9.080777e-01 -6.498900e-01  5.897500e-01 -3.976000e-02
1  3.442691e-02  9.671082e-01  8.334790e-01  1.622310e-01  8.515970e-01  1.325410e-01
1  6.247230e-02  9.302077e-01  7.563808e-01  9.405220e-01  8.863300e-02 -1.184130e-01
1  6.715373e-02  9.330803e-01  9.137769e-01  1.390850e-01 -1.353440e-01 -7.466780e-01
1  1.330753e-01  9.640170e-01  8.298505e-01 -1.066554e+00 -1.044210e-01 -8.895060e-01
1  1.694430e-01  9.335244e-01  7.503985e-01 -9.284830e-01 -1.093272e+00  3.928160e-01
1  1.651853e-01  9.322199e-01  9.091121e-01  1.391280e-01 -5.585300e-01 -1.380950e-01
1  2.315060e-01  9.650959e-01  8.309955e-01  8.224240e-01  6.670020e-01  3.466530e-01
1  2.704025e-01  9.345773e-01  7.540355e-01 -3.570350e-01 -1.101400e-01  3.045340e-01
1  2.637572e-01  9.342489e-01  9.111812e-01  1.032432e+00 -5.158500e-02 -1.747590e-01
1  3.354354e-01  9.669074e-01  8.347807e-01 -8.275230e-01 -3.436000e-03  5.051720e-01
1  3.709882e-01  9.323111e-01  7.590851e-01 -1.253973e+00  2.517910e-01  2.162450e-01
1  3.657809e-01  9.315571e-01  9.181775e-01 -5.123390e-01  4.108740e-01 -1.251750e-01
1  4.319605e-01  9.654521e-01  8.417224e-01  7.260680e-01  5.710780e-01 -1.187812e+00
1  4.660948e-01  9.348388e-01  7.565026e-01 -4.296720e-01 -7.522870e-01  9.102260e-01
1  4.666851e-01  9.320329e-01  9.144544e-01 -1.557450e-01 -4.010590e-01  3.936600e-01
1  5.311220e-01  9.635350e-01  8.358291e-01  9.728600e-02  7.464610e-01 -8.817780e-01
1  5.599333e-01  9.282525e-01  7.516529e-01  4.800070e-01  6.329880e-01  6.062080e-01
1  5.687325e-01  9.320606e-01  9.091631e-01 -4.611400e-01 -5.670300e-01 -2.149800e-02
1  6.315549e-01  9.644159e-01  8.272384e-01 -2.705630e-01  5.036170e-01 -3.636440e-01
1  6.662097e-01  9.334030e-01  7.468067e-01 -4.248500e-02 -1.894050e-01  3.739100e-01
1  6.667303e-01  9.326123e-01  9.030819e-01 -2.214580e-01  6.420680e-01  7.385950e-01
1  7.329347e-01  9.667737e-01  8.257267e-01  2.445150e-01 -5.855730e-01  3.711580e-01
1  7.668056e-01  9.309378e-01  7.534597e-01 -8.536500e-02  5.357780e-01 -5.727270e-01
1  7.622438e-01  9.313507e-01  9.095670e-01  1.044310e-01  4.122800e-01  8.217000e-03
1  8.310523e-01  9.625517e-01  8.353269e-01  1.609430e-01 -7.749000e-03 -1.200670e+00
1  8.635146e-01  9.281052e-01  7.572052e-01  3.229360e-01  9.831880e-01 -2.928400e-02
1  8.683578e-01  9.322468e-01  9.134875e-01 -4.869770e-01 -2.017640e-01  9.646900e-02
1  9.335054e-01  9.655965e-01  8.343462e-01 -8.652200e-02  2.602890e-01 -8.429310e-01
1  9.697334e-01  9.361514e-01  7.537237e-01 -3.945340e-01 -2.287210e-01  1.513700e-01
1  9.699654e-01  9.350439e-01  9.103981e-01 -4.595280e-01 -1.705160e-01  6.032660e-01
