#N 512 1
#C Si
#X   1.4000000000e+01 0.0 0.0
#Y  0.0   1.4000000000e+01 0.0
#Z  0.0 0.0   1.4000000000e+01
#E 0.0
#F
0 -2.8056646627e-02  -1.2287600734e-02  2.6278022092e-02  1.6146944400e+00  6.3926695321e-01  -1.0582868180e+00  
0 1.0746949984e-02  1.7117188988e+00  1.7714916802e+00  -9.4950262854e-01  9.6899143688e-01  -8.3375173961e-01  
0 1.7739955649e+00  7.7795871280e-03  1.7537297784e+00  -6.9722734458e-01  -2.1675334702e-02  2.0028311399e-01  
0 1.7773298513e+00  1.7501289760e+00  2.9602543997e-02  -1.1354216137e+00  -1.6738862764e-01  -8.9683400562e-01  
0 8.5485143317e-01  8.6823596106e-01  9.0254524269e-01  1.3258953756e+00  -1.6089706842e-01  -1.0901343382e+00  
0 8.2918124955e-01  2.6195242838e+00  2.6014389279e+00  1.4150126790e+00  6.3614627825e-02  1.3175605269e+00  
0 2.6204643615e+00  8.5177384348e-01  2.6154639398e+00  8.7541609074e-02  1.3576388035e+00  1.4085824843e+00  
0 2.6453722436e+00  2.5832198976e+00  9.0715343937e-01  -6.2633943385e-01  1.5915077378e+00  -9.4493824108e-01  
0 3.5071501136e+00  5.0538349234e-02  5.9685605605e-03  7.1671204733e-01  -1.1804136356e+00  -4.4472158057e-02  
0 3.4754011336e+00  1.7223312002e+00  1.7817393551e+00  1.4569252291e+00  1.4077483790e+00  -1.0385444769e+00  
0 4.4005892261e+00  9.1130851590e-01  9.0041025130e-01  -4.8988905221e-01  -1.0392934472e+00  -1.1604640417e+00  
0 4.3438368035e+00  2.5993141671e+00  2.6411675329e+00  1.0940916553e+00  1.0817770253e+00  -8.1238950365e-01  
0 -3.8954216545e-02  3.4827053556e+00  -2.8370595507e-03  1.4013538819e+00  3.5715391243e-01  -1.4188775224e-01  
0 1.7703834994e+00  3.4572033206e+00  1.7574297056e+00  -1.4612790650e+00  1.4923043000e+00  -3.0558759302e-01  
0 8.3527643681e-01  4.3628543333e+00  8.6111406512e-01  1.2777546561e+00  -2.6214851768e-01  8.2390119386e-01  
0 2.6168736942e+00  4.3625672322e+00  2.6406005701e+00  -3.5232829011e-01  4.7597393504e-01  -7.7049378508e-01  
0 3.4993031375e+00  3.5010360111e+00  -2.8771537962e-02  -1.0597073266e-01  -7.7457805325e-01  1.3721601898e+00  
0 4.3769021688e+00  4.3710263045e+00  8.6577260387e-01  -1.0007929219e-01  -6.1689260245e-01  -3.5610587659e-01  
0 3.6575896900e-02  -3.9309720634e-02  3.5054994658e+00  -1.2648923787e+00  1.2311561688e+00  4.0759115817e-01  
0 1.7160233481e+00  1.7770541605e+00  3.5198774216e+00  1.2188342840e+00  -1.5232567026e+00  -8.8923787089e-01  
0 8.4607013401e-01  8.5247624044e-01  4.3896475685e+00  1.1917387021e+00  7.8228591846e-01  -5.5440274656e-01  
0 2.6388159324e+00  2.6523508868e+00  4.3547354718e+00  -7.8357143838e-01  -1.2899175209e+00  6.7185751760e-01  
0 3.5231915829e+00  -1.4895471492e-02  3.4720983558e+00  -2.2740964657e-01  9.4450031287e-01  1.3243499545e+00  
0 4.4109313587e+00  8.5669059308e-01  4.3764938004e+00  -5.9834419980e-01  1.0242584649e+00  -6.7633717653e-01  
0 -3.6731508775e-02  3.4993846379e+00  3.4891873679e+00  1.2703192769e+00  -3.3266680268e-01  8.3385029372e-03  
0 8.6131380033e-01  4.3739662530e+00  4.3922256460e+00  1.6158217715e-01  -3.5032710552e-01  -1.0606448719e+00  
0 3.4738991820e+00  3.5247474129e+00  3.5030487718e+00  1.0891618853e+00  -1.0827062242e+00  -6.1754477553e-01  
0 4.3450866032e+00  4.3609431916e+00  4.3574383945e+00  1.5066164397e+00  8.9811703309e-01  9.9117430547e-02  
0 5.2587759290e+00  3.8038466843e-02  1.7402720547e+00  3.4571919426e-01  -1.3813607720e+00  9.1962383235e-02  
0 5.2709409316e+00  1.7538932600e+00  -6.6184988206e-03  -8.3426104661e-01  1.4405427301e-01  -7.0539194418e-01  
0 6.1127518303e+00  8.9572942606e-01  2.5920253182e+00  1.0435064711e+00  -4.5876691431e-01  9.1024692620e-01  
0 6.1209424571e+00  2.6351214159e+00  8.1975734493e-01  5.8377963299e-01  -5.8969423887e-01  1.1630955446e+00  
0 6.9953508811e+00  -1.0966860546e-02  -2.5292001698e-02  -5.8321471888e-01  2.3475745684e-01  1.2229951699e+00  
0 6.9683710870e+00  1.7401615858e+00  1.7330531289e+00  1.2522096264e+00  1.3729742080e+00  -5.0034393729e-01  
0 8.7259656210e+00  2.7611291146e-02  1.7283112183e+00  1.1021692974e+00  -1.0546942479e+00  6.3579173131e-01  
0 8.7241912168e+00  1.7426839957e+00  -3.4353278191e-02  7.5705628032e-01  8.5586287923e-02  1.3404272887e+00  
0 7.8485114592e+00  8.7933405102e-01  8.7932243526e-01  4.4190425418e-01  -2.0015757649e-01  -1.1988784055e+00  
0 7.8638039595e+00  2.6398832083e+00  2.6066831011e+00  4.0776500573e-01  -9.1080443320e-01  -1.0393777836e-02  
0 5.2690784063e+00  3.4725353617e+00  1.7150107967e+00  -1.1132064625e+00  1.0044621660e+00  1.0409717477e+00  
0 6.1609972978e+00  4.3580058899e+00  2.5834682513e+00  -1.4332476532e+00  4.4073843176e-01  1.3427718706e+00  
0 7.0137442471e+00  3.5228177511e+00  -2.7835094834e-02  -3.3522509908e-01  -1.4470511736e+00  -2.7072809258e-02  
0 8.7616705219e+00  3.4899151136e+00  1.7201909148e+00  -1.2417261334e+00  4.3175474911e-01  9.6417832201e-01  
0 7.8583042837e+00  4.3415624174e+00  8.6668942587e-01  1.3170240281e+00  1.1911993279e+00  -5.1152523713e-01  
0 5.2678965467e+00  1.7377425818e+00  3.4639001311e+00  -4.7106489283e-01  7.3289748352e-01  1.3344109369e+00  
0 6.1386591145e+00  2.6294432867e+00  4.3672866916e+00  -9.2107127612e-01  -3.2420679616e-01  -5.6457751472e-01  
0 7.0179885945e+00  1.8125282542e-02  3.4676968801e+00  -1.4956088603e+00  -7.7659456549e-01  8.7823049457e-01  
0 8.7529049447e+00  1.7487945851e+00  3.4587554609e+00  -2.1799516326e-01  -1.0071307925e-01  9.3485227770e-01  
0 7.8819303818e+00  8.5103552313e-01  4.3685297555e+00  -5.2379983362e-01  1.3528357469e+00  -4.0636009136e-01  
0 7.0166831976e+00  3.5197567243e+00  3.4915161583e+00  -3.1064779309e-01  -6.0290997464e-01  -1.5980904252e-01  
0 7.8896358957e+00  4.4032906119e+00  4.3579871169e+00  -9.8986908900e-01  -9.7612704341e-01  5.8779135710e-01  
0 9.6315068345e+00  8.8853400390e-01  2.5851006852e+00  -8.6474462778e-02  -1.3640867572e-01  1.0220497416e+00  
0 9.6069290078e+00  2.6325721176e+00  8.5484782422e-01  7.2569206972e-01  3.2205868890e-02  -1.6112604955e-01  
0 1.0516361624e+01  -9.3428256836e-04  -2.9799015902e-02  -4.6245775626e-01  -2.4340230012e-01  1.8728628754e+00  
0 1.0523681185e+01  1.7845685106e+00  1.7517276826e+00  -1.1800265405e+00  -1.4972695612e+00  -1.1922762375e+00  
0 1.2275409079e+01  -2.6842877469e-02  1.7369622841e+00  -1.0540351902e+00  8.5558901063e-01  1.3583866463e+00  
0 1.2224418243e+01  1.7355862818e+00  8.0254444941e-03  1.1404835899e+00  3.0627751369e-01  -4.5707165581e-01  
0 1.1391074968e+01  8.8970001455e-01  8.7922646143e-01  -7.8523849586e-01  -7.8840443203e-01  1.1560795121e-02  
0 1.1370304381e+01  2.6634407650e+00  2.5964824115e+00  4.4894312242e-01  -1.8510007661e+00  1.0315379529e+00  
0 1.3159789567e+01  8.3440954160e-01  2.6581819712e+00  -1.4095440975e+00  6.4605157247e-01  -1.3250517444e+00  
0 1.3129620647e+01  2.5731099230e+00  8.6225467224e-01  -8.4704639880e-01  1.2985251017e+00  3.6119144352e-01  
0 9.6214201330e+00  4.3838549010e+00  2.6207478977e+00  -4.2254626796e-01  -2.0082163618e-02  1.3262569223e-01  
0 1.0468999442e+01  3.5407596469e+00  -2.3182117207e-02  1.3046428570e+00  -1.5036132543e+00  8.5244969008e-01  
0 1.2232717708e+01  3.4813480530e+00  1.7243117619e+00  8.6079555531e-01  9.3254342450e-01  6.3472997263e-01  
0 1.1390104927e+01  4.3910792647e+00  8.8420642387e-01  -1.4298135417e+00  -6.6325094457e-01  -8.7054467613e-01  
0 1.3108990716e+01  4.3552089001e+00  2.6180379508e+00  6.8636445852e-03  1.7179553627e-01  6.2062944838e-01  
0 9.6052291896e+00  2.6015128015e+00  4.3425397006e+00  6.3276738216e-01  1.3498064172e+00  6.5179606181e-01  
0 1.0500468531e+01  -1.0032569192e-02  3.4735834131e+00  -1.2881548338e-01  3.5066308983e-01  6.9291471740e-01  
0 1.2270679971e+01  1.7458458999e+00  3.4790146118e+00  -6.1543717152e-01  -7.4957714313e-02  6.6758415439e-01  
0 1.1401883935e+01  8.8760196596e-01  4.3909231180e+00  -1.4537834397e+00  -5.9700999715e-01  -1.1945310190e+00  
0 1.3133512633e+01  2.6178762781e+00  4.3450565090e+00  -6.8937629661e-01  -6.4870862732e-02  9.4788397106e-01  
0 1.0504480273e+01  3.5325548744e+00  3.4822918567e+00  -4.2687915011e-01  -1.5045363921e+00  6.0156123447e-01  
0 1.1383511787e+01  4.3613464616e+00  4.4009176894e+00  -6.9710580960e-01  -5.6078945881e-01  -2.5253234605e-01  
0 -3.3133193333e-02  5.2194632608e+00  1.7770340711e+00  1.1249826649e+00  6.8049861107e-01  -1.3726936900e+00  
0 1.7477385595e+00  5.2596921754e+00  6.9491164606e-03  -8.5537513679e-01  -6.3086743927e-01  -1.9467112033e-01  
0 8.7843636781e-01  6.1001533175e+00  2.6031922615e+00  -6.0093111808e-01  1.8698753115e-01  8.5800425276e-01  
0 2.6295728146e+00  6.0874798682e+00  8.5865436461e-01  -2.4380172472e-01  7.8385668624e-01  9.3679847444e-01  
0 3.4687379886e+00  5.2320013666e+00  1.7229654042e+00  1.4675179866e+00  -1.2305500019e-01  1.3490468738e+00  
0 4.3775094448e+00  6.1212792139e+00  2.6165331352e+00  -1.8369884618e-01  -2.1404178862e-01  -8.7564840312e-02  
0 -3.3143194836e-02  7.0386346451e+00  3.0964213243e-02  8.5245063397e-01  -9.7103349483e-01  -1.0388709559e+00  
0 3.3832163073e-02  8.7422538738e+00  1.7629388365e+00  -9.1169178442e-01  1.1661958295e+00  -9.0470321964e-01  
0 1.7599730394e+00  6.9599109570e+00  1.7466715958e+00  -1.1875267971e-01  1.1046923863e+00  -6.2377038547e-01  
0 1.7882315673e+00  8.7758172659e+00  -1.8520771641e-02  -1.0745256480e+00  -9.3717990998e-01  8.3714769436e-01  
0 8.7762281001e-01  7.9077183550e+00  8.5734431481e-01  4.4873501038e-01  -1.2268957428e+00  1.2707371571e+00  
0 2.6339671317e+00  7.8875602727e+00  2.6253216910e+00  -7.9449929215e-01  -1.0185812195e+00  -5.4540821046e-01  
0 3.5118702271e+00  6.9502287333e+00  1.3845482062e-02  -1.2717154117e-01  1.1094566973e+00  -2.1498990371e-01  
0 3.4859544318e+00  8.7307012182e+00  1.7651262071e+00  4.8312351146e-01  1.1188331170e+00  -1.2298571516e+00  
0 4.3616704273e+00  7.8687476444e+00  8.9417320838e-01  4.3501232251e-01  -3.8494571286e-01  -7.2124393465e-01  
0 1.7171186364e+00  5.2489164100e+00  3.5206844755e+00  1.3093361571e+00  -1.7577929331e-01  -7.6804918983e-01  
0 2.6092592120e+00  6.1478024257e+00  4.4074095158e+00  5.0506147123e-01  -9.7420587084e-01  -1.5717659764e+00  
0 2.7571028423e-02  6.9935229524e+00  3.4752473893e+00  -1.4586931799e+00  -1.3741488903e-01  3.3575420972e-01  
0 1.7442056931e+00  8.7560664163e+00  3.4642283308e+00  7.4268418258e-01  -9.9180565937e-02  1.3016536052e+00  
0 8.9388537214e-01  7.8667399184e+00  4.3327635418e+00  -1.4419702116e+00  7.8017427623e-01  1.0721482273e+00  
0 3.5121226216e+00  7.0156507216e+00  3.5022260907e+00  -7.7632420373e-01  -7.1772459660e-01  -2.9516899282e-01  
0 4.3729146602e+00  7.8807807621e+00  4.3513492813e+00  2.8626244759e-01  9.3427456235e-02  1.1743510552e+00  
0 5.2507651418e+00  5.2204385697e+00  -3.6723239231e-02  6.5160204933e-01  1.0818401876e+00  1.4031876865e+00  
0 6.1143940927e+00  6.1077662300e+00  8.6412898480e-01  8.9674489721e-01  5.3776686806e-03  1.4956691917e-01  
0 7.0125917794e+00  5.2263038502e+00  1.7243005146e+00  -1.8838540958e-01  4.7954015645e-01  3.9794752452e-01  
0 8.7443039269e+00  5.2375966586e+00  1.4114212943e-02  5.8201532349e-01  5.3662963957e-02  -6.6871675125e-01  
0 7.8916546326e+00  6.1113253260e+00  2.5913170738e+00  -2.7061844683e-01  8.9419180061e-01  1.2539907916e+00  
0 5.2728511402e+00  6.9709045074e+00  1.7308830679e+00  -8.9643966312e-01  9.2695902981e-01  1.0728087061e+00  
0 5.2243759791e+00  8.7426591666e+00  1.1247822881e-02  6.4263555165e-01  3.6534931710e-01  -1.2029182990e-01  
0 6.1445616970e+00  7.8940598928e+00  2.6281290754e+00  -4.3084499361e-01  -1.0999250054e+00  -4.7700637240e-01  
0 7.0263044419e+00  6.9885583437e+00  2.8816411486e-02  -1.1979763320e+00  1.1521122117e-01  -1.2019650670e+00  
0 7.0147516151e+00  8.7311520650e+00  1.7598542644e+00  -3.6466168753e-01  9.0938981680e-01  -2.8166248845e-01  
0 8.7779308151e+00  6.9999562086e+00  1.7475219283e+00  -9.6818278958e-01  -3.8645067468e-01  -2.3413483092e-01  
0 8.7384679988e+00  8.7058890249e+00  -3.5701676054e-02  1.8413350732e-01  1.4214125526e+00  1.3430237786e+00  
0 7.8629503116e+00  7.8623723862e+00  8.8168987419e-01  1.0940011202e+00  1.1848112222e-01  2.8082492319e-02  
0 5.2589471447e+00  5.2472354772e+00  3.4762130557e+00  5.5961766491e-02  -1.4639284699e-01  5.7675978832e-01  
0 6.1487237025e+00  6.1577284971e+00  4.3883395200e+00  -1.3114227417e-01  -1.2709032083e+00  -3.7899198424e-01  
0 8.7286665344e+00  5.2767764350e+00  3.5148193882e+00  1.4157379632e+00  -1.2664555404e+00  -5.0522704300e-01  
0 5.2489874282e+00  8.7797128720e+00  3.4608250720e+00  3.5082656885e-02  -1.2132110098e+00  1.6608595915e+00  
0 7.0313831264e+00  7.0112220353e+00  3.5172872268e+00  -8.3568233313e-01  3.2352504081e-03  -8.9642891418e-01  
0 8.7942980794e+00  8.7682165772e+00  3.4913149881e+00  -5.7130593718e-01  -1.0028292872e+00  3.6863362391e-01  
0 7.8884842247e+00  7.9037960137e+00  4.3690579080e+00  5.1560240696e-01  -5.6489963789e-01  8.5389070788e-01  
0 9.6202807013e+00  6.1071409457e+00  8.7260235411e-01  7.0234790137e-01  7.4311186087e-01  1.8002318528e-01  
0 1.0464635009e+01  5.2521627045e+00  1.7705678242e+00  1.6424659011e+00  -2.9219367536e-01  -7.4628875364e-01  
0 1.2238965418e+01  5.2461660591e+00  1.4320354474e-02  4.6352156596e-01  5.7127600348e-01  -7.0275551374e-01  
0 1.1391294922e+01  6.0807001601e+00  2.6479866327e+00  -1.0813503139e+00  1.1480521741e+00  -2.1280551776e-01  
0 1.3123463638e+01  6.0870201795e+00  8.8818092832e-01  -5.8481527979e-01  1.5406932645e+00  -1.3268134244e-01  
0 9.6431311244e+00  7.8520135787e+00  2.6052371876e+00  2.3775919446e-01  3.6287177371e-01  1.3607775602e+00  
0 1.0524754811e+01  7.0141135213e+00  -5.0984463013e-03  -1.3630496936e+00  -7.6876395361e-01  -9.7018904908e-02  
0 1.0504635957e+01  8.7344268107e+00  1.7447347944e+00  -1.0505368370e-01  2.9808077029e-01  -4.2650279457e-01  
0 1.2221125847e+01  6.9594291528e+00  1.7614863171e+00  1.0708504661e+00  9.9817325241e-01  -2.5566204603e-01  
0 1.2240051364e+01  8.7672708718e+00  2.5977805757e-02  -1.4410914107e-01  -7.3538383008e-01  -8.2884190293e-01  
0 1.1358156640e+01  7.8668264731e+00  8.6048932240e-01  7.5196987077e-01  2.6088233642e-01  9.5079453506e-01  
0 1.3108258081e+01  7.8855043406e+00  2.5994803771e+00  9.4893696845e-01  -7.6682645624e-01  1.1536090127e+00  
0 9.6588833741e+00  6.1004063778e+00  4.4093049588e+00  -1.0929718083e+00  7.7022487009e-01  -7.4638325966e-01  
0 1.2235014181e+01  5.2172349011e+00  3.5339212590e+00  7.8871563746e-01  7.8834632547e-01  -8.6678946058e-01  
0 1.3129558271e+01  6.1154601657e+00  4.3915401173e+00  1.7081805693e-01  1.3431527005e-01  -6.3378005811e-01  
0 1.0527970136e+01  6.9571485928e+00  3.5462695077e+00  -3.6659754825e-01  1.1950806681e+00  -1.2350344878e+00  
0 1.2242199754e+01  8.7575942732e+00  3.4977534492e+00  5.7377482776e-01  -2.8312662924e-01  -2.2191359018e-01  
0 1.1400259394e+01  7.8679001648e+00  4.3840603949e+00  -5.6854714953e-01  -4.0391640754e-02  1.9033348389e-01  
0 8.9332608893e-01  9.6564427911e+00  2.6000230636e+00  -3.9765776002e-01  -4.5972351929e-01  1.4940836941e+00  
0 2.6310361487e+00  9.6571316166e+00  8.5065838443e-01  3.6490636727e-01  -4.6224426044e-01  8.9288031644e-01  
0 4.3410058688e+00  9.6125907656e+00  2.6200951120e+00  1.1556533357e+00  7.9694398279e-01  3.3545657729e-01  
0 -1.0586645341e-02  1.0466376314e+01  -2.1159049186e-02  1.3194084495e+00  1.7104279024e+00  1.2449064093e+00  
0 3.0461516557e-02  1.2282803999e+01  1.7393588929e+00  -1.2458510227e-01  -8.9861593104e-01  3.9264755263e-01  
0 1.7919428807e+00  1.0528807281e+01  1.7670442914e+00  -1.0440271861e+00  -3.2318225628e-01  -8.1897106838e-01  
0 1.7767338393e+00  1.2298899057e+01  1.9574740386e-03  -6.0298557935e-01  -6.1016666486e-01  -3.1419769775e-02  
0 9.0526879536e-01  1.1412991070e+01  8.6366198818e-01  -5.3203436025e-01  -7.5205248776e-01  2.7052684847e-01  
0 9.1255471058e-01  1.3153603440e+01  2.6005469662e+00  -4.8135252544e-01  -1.6821521293e+00  1.0477562809e+00  
0 2.6718585757e+00  1.1373995874e+01  2.6603894795e+00  -7.5869499280e-01  5.7845933795e-01  -1.2330719251e+00  
0 2.6713542231e+00  1.3175425392e+01  9.1387972436e-01  -9.6402293332e-01  -1.1798820259e+00  -1.4338865419e+00  
0 3.4871336371e+00  1.0560068817e+01  1.4484685058e-03  2.3481799717e-01  -1.1755721894e+00  -4.6036908140e-01  
0 3.5524130296e+00  1.2263004318e+01  1.7762651054e+00  -1.0527363209e+00  5.7769282335e-01  -6.7459425949e-01  
0 4.3570411639e+00  1.1419027826e+01  8.5771337487e-01  9.0637202559e-01  -1.4321197595e+00  5.2717184278e-01  
0 4.4264636655e+00  1.3150382233e+01  2.6136141651e+00  -1.1724468102e+00  -8.6971970069e-01  5.0722786259e-01  
0 2.6235964956e+00  9.6278926389e+00  4.3962423608e+00  -4.3802350180e-01  -5.1352996717e-01  -7.7505522569e-01  
0 -3.6493447582e-03  1.0539074352e+01  3.5244651933e+00  4.8266700504e-01  -9.8215783557e-01  -1.1816825120e+00  
0 1.7751611369e+00  1.2272791562e+01  3.4887476816e+00  -4.3818884051e-01  -9.6866841215e-01  5.5249002491e-01  
0 8.7899869760e-01  1.1370192414e+01  4.3916101852e+00  -1.3766942045e-01  1.2514041221e+00  -3.2433540291e-01  
0 2.6437524452e+00  1.3137882894e+01  4.3362649137e+00  -4.8282206700e-01  -3.0543836570e-01  1.5748522991e+00  
0 3.5228913389e+00  1.0483003253e+01  3.5289434103e+00  -1.1977479921e+00  4.3144793085e-01  -3.7474280939e-01  
0 4.3646086464e+00  1.1376694315e+01  4.3935656046e+00  2.6033464156e-01  1.2054001896e-01  -1.1384436232e+00  
0 6.1255639927e+00  9.6132528545e+00  8.9638918817e-01  -2.7664899764e-01  3.3616066014e-01  -7.1136880023e-01  
0 7.8638237647e+00  9.6323542573e+00  2.6297730123e+00  1.4078121454e+00  -3.8441199260e-01  1.0749092199e-02  
0 5.2187928983e+00  1.0507742309e+01  1.7720239335e+00  7.1484346217e-01  -3.6445442721e-01  -9.9607098617e-01  
0 5.2392145146e+00  1.2254973554e+01  -1.6299447294e-02  2.3979816045e-01  -2.2833413019e-01  1.8399228016e-01  
0 6.1090475952e+00  1.1354858988e+01  2.6508640872e+00  3.0749252209e-01  5.9790623169e-01  -5.5407581733e-01  
0 6.1236640764e+00  1.3098677333e+01  8.7415134693e-01  -4.6419830340e-01  1.2190173615e+00  -4.0626211693e-01  
0 7.0085660214e+00  1.0483254392e+01  -2.2708399808e-03  -6.9832173431e-01  2.4931529234e-01  6.6323655014e-01  
0 6.9735788427e+00  1.2238705926e+01  1.7588581622e+00  4.3666524280e-01  1.9195651435e-01  -2.5230283753e-02  
0 8.7534548367e+00  1.0496169422e+01  1.7351964625e+00  -7.8134853007e-01  2.1909293363e-01  7.6481385847e-01  
0 8.7103778381e+00  1.2289565560e+01  4.5034095440e-02  1.3583814879e+00  -1.0109057853e+00  -1.3495831716e+00  
0 7.8627745835e+00  1.1402880107e+01  9.0077146010e-01  4.8302064659e-02  -1.1111313708e+00  -7.7893669439e-01  
0 7.8507052599e+00  1.3149981661e+01  2.6042733121e+00  7.5781470502e-01  -1.1366625778e+00  6.2653688725e-01  
0 6.1186432639e+00  9.6453936205e+00  4.3765636567e+00  -4.2956891684e-01  -1.3836538413e-01  -1.5614271097e-01  
0 5.2539174232e+00  1.2257237976e+01  3.5064008825e+00  1.3982473862e-01  -2.7927539760e-01  -1.1540461335e-01  
0 6.1221458754e+00  1.3103684828e+01  4.3604785141e+00  6.5802792003e-01  1.1721247117e+00  3.0350699615e-01  
0 7.0205361090e+00  1.0474559325e+01  3.5254684757e+00  -1.1799341291e+00  1.1922070568e+00  -7.3672564225e-01  
0 8.7085317469e+00  1.2231704744e+01  3.5133249438e+00  1.3949491781e+00  1.0646539878e+00  -6.6445526787e-01  
0 7.8555722298e+00  1.1373410079e+01  4.4124753661e+00  6.1858138310e-01  -8.6728097969e-01  -1.4759040983e+00  
0 9.5867178302e+00  9.6218124273e+00  8.5842885174e-01  1.3123048666e+00  -2.9394416896e-01  2.6062805401e-01  
0 1.1397496067e+01  9.6079481653e+00  2.5942280174e+00  -5.8133797695e-01  6.2596385289e-01  8.2303895746e-01  
0 1.3157306712e+01  9.6142192138e+00  8.9483087272e-01  -1.0563827974e+00  6.2020743407e-01  -8.5150139668e-01  
0 9.6461638421e+00  1.1366772796e+01  2.6196952529e+00  -8.0364331358e-01  -2.7833129942e-01  2.0758440606e-01  
0 9.6578912930e+00  1.3108414077e+01  9.0029857715e-01  -9.2095435587e-01  1.0064832437e+00  -1.1983448707e+00  
0 1.0465990771e+01  1.0494676020e+01  2.9211901571e-03  1.2661104465e+00  8.0899958334e-01  -6.0663554422e-01  
0 1.0524147454e+01  1.2228552362e+01  1.7604411428e+00  -1.0461929904e+00  6.1127493505e-01  -3.1774576394e-01  
0 1.2281431871e+01  1.0495992789e+01  1.7335028310e+00  1.4202748003e-01  1.2626262188e-01  8.7963953010e-01  
0 1.2247340514e+01  1.2272935776e+01  2.1942609803e-02  7.3259758556e-01  -1.2337890605e+00  -7.8017456797e-01  
0 1.1402560828e+01  1.1365803859e+01  8.8803563544e-01  -8.9386933661e-01  2.2480572336e-01  -6.7927338903e-01  
0 1.1356403492e+01  1.3095158697e+01  2.6142640924e+00  1.5987580679e+00  1.2888566447e+00  4.5468890963e-01  
0 1.3164165774e+01  1.1411368501e+01  2.6424809292e+00  -8.0979646413e-01  -8.0554294859e-01  -1.2110903091e+00  
0 1.3151662940e+01  1.3126310745e+01  8.9273060879e-01  -8.9235975066e-01  -4.2371060082e-01  -7.5009996197e-01  
0 9.6673995410e+00  9.6086958813e+00  4.3811305325e+00  -6.9661655636e-01  8.5000124220e-01  -7.1281210309e-01  
0 1.3110183032e+01  9.6534037373e+00  4.3863877719e+00  5.1800009810e-01  -1.2993052230e-01  -9.5552734987e-01  
0 9.6242826381e+00  1.3130343610e+01  4.4044207366e+00  -4.3739614531e-01  -5.3752007075e-01  -1.5675637948e+00  
0 1.0541916046e+01  1.0511279626e+01  3.4778530160e+00  -1.0534816153e+00  -1.1816768381e+00  1.9221514344e-01  
0 1.2263095289e+01  1.2264418732e+01  3.4840138611e+00  -2.4357398514e-02  -6.4720416063e-01  9.3943635813e-01  
0 1.1386988493e+01  1.1361525490e+01  4.3386784803e+00  -3.3294117698e-01  1.1336537969e+00  1.0013060941e+00  
0 1.3144738338e+01  1.3100968734e+01  4.4078944780e+00  -8.6842439554e-01  1.0564917798e+00  -9.1220266588e-01  
0 -1.5376894502e-02  1.7615894710e+00  5.2326289624e+00  5.9509577935e-01  -9.9221420460e-01  4.8349659039e-01  
0 1.7246732835e+00  3.3342078210e-03  5.2326354668e+00  8.5584227026e-01  -6.2970039316e-01  3.9635453998e-01  
0 8.9276533653e-01  2.6176622516e+00  6.1285299173e+00  -2.8710745613e-01  -3.4336542943e-01  -6.9408663230e-01  
0 2.6061796299e+00  8.4499376172e-01  6.0960306054e+00  1.1521610149e+00  1.2066834053e+00  8.7837780475e-01  
0 3.5283745163e+00  1.7696731618e+00  5.2189401702e+00  -6.7632355486e-01  -1.3495778288e+00  9.2778712538e-01  
0 4.4034904476e+00  2.6276647498e+00  6.1318750294e+00  -9.1549809827e-01  -2.7735623356e-01  -6.7849122226e-02  
0 1.7785195895e+00  3.4855190558e+00  5.2290628665e+00  -1.1691223639e+00  8.0541479878e-01  1.2431800979e+00  
0 2.6319632463e+00  4.3615513099e+00  6.1224956862e+00  8.3720733665e-02  1.4064559217e+00  1.7027095245e-01  
0 1.7533258371e-02  1.0267663426e-02  7.0343656126e+00  -8.8663133130e-01  -1.9910516960e-01  -1.4327962245e+00  
0 2.6154551993e-02  1.7254668296e+00  8.7582903760e+00  -5.1613497867e-01  6.1044396325e-01  3.1330487578e-01  
0 1.7665776796e+00  -6.6451841560e-03  8.7508360067e+00  -1.0256300060e+00  7.1019258711e-02  -2.6796228825e-01  
0 1.7410462379e+00  1.7160426546e+00  7.0013172233e+00  7.2525856404e-01  6.9977217783e-01  -6.6068475554e-01  
0 9.0103103748e-01  8.8047921198e-01  7.9152897662e+00  -7.3272671804e-01  -8.1432421101e-01  -1.5426198667e+00  
0 2.5962198339e+00  2.6022643313e+00  7.8410280073e+00  1.3638829440e+00  7.8520810114e-01  1.5618401299e+00  
0 3.5344964577e+00  -1.5619317930e-02  7.0027601673e+00  -9.9372553441e-01  1.0414073888e+00  -2.8784786383e-01  
0 3.4891155326e+00  1.7338574778e+00  8.7766640943e+00  4.8682254403e-01  1.4420263577e+00  -1.0943371755e+00  
0 4.4060670967e+00  9.1420127074e-01  7.8907341137e+00  -8.1894537618e-01  -1.3504834704e+00  -7.4371401600e-02  
0 3.7970789165e-02  3.4866957105e+00  6.9953392159e+00  -9.3668052051e-01  -8.4647849647e-03  -2.7996226274e-01  
0 1.7196458675e+00  3.4888769629e+00  8.7227757592e+00  1.0622214652e+00  3.7449645921e-01  9.3115936110e-01  
0 8.7348994794e-01  4.4089670915e+00  7.8572917071e+00  1.8554934581e-01  -1.3230179540e+00  3.8317491505e-01  
0 3.5032187847e+00  3.5152360573e+00  7.0020483041e+00  1.9340706009e-01  -1.3051138303e+00  -8.1246593324e-02  
0 4.3824006127e+00  4.3855026866e+00  7.8986659995e+00  -4.1291662869e-01  -7.7940617667e-01  -9.3510300581e-01  
0 5.2863935018e+00  1.8690002878e-02  5.2353240501e+00  -7.5998018575e-01  -1.1740051364e+00  8.6019070852e-01  
0 6.1535857646e+00  8.5301572248e-01  6.1553928011e+00  -8.8487539918e-01  1.2209081285e+00  -7.1011273256e-01  
0 6.9743189502e+00  1.7525605481e+00  5.2516792625e+00  1.5176429863e+00  -5.2162662874e-02  -1.5633982124e-01  
0 8.7308301305e+00  -1.4376732975e-02  5.2617293124e+00  -1.9832052062e-01  4.8984434810e-01  -9.8518157192e-01  
0 7.8419401202e+00  2.6643552406e+00  6.1113464336e+00  8.5715972551e-01  -1.4551763363e+00  1.5166412847e-01  
0 5.2211976626e+00  3.4714717849e+00  5.2163110968e+00  1.2821779751e+00  1.2139623359e+00  5.9372583982e-01  
0 6.0909070820e+00  4.3449623194e+00  6.1215996729e+00  1.1789910815e+00  1.1599570890e+00  -2.4718250498e-01  
0 8.7334046348e+00  3.4913602385e+00  5.2180825744e+00  3.4021608733e-01  6.2283293564e-01  9.3325211327e-01  
0 5.2572468374e+00  1.1344236946e-02  8.7761416157e+00  -8.2427129730e-01  2.7474266407e-02  -2.0755657640e-01  
0 5.2882181674e+00  1.7734948617e+00  7.0236753588e+00  -9.7882223777e-01  -3.7390971182e-01  -4.8517272514e-01  
0 6.1614017498e+00  2.6525935809e+00  7.8728743855e+00  -1.3529614131e+00  -5.4220005095e-01  1.1604485598e+00  
0 7.0064870055e+00  -1.7699490939e-02  7.0438856299e+00  -5.6663105464e-01  1.1345897334e+00  -7.3627058090e-01  
0 6.9785534265e+00  1.7233280725e+00  8.7870461356e+00  7.6801159644e-01  1.4266882535e+00  -8.7187689089e-01  
0 8.7230700063e+00  -1.5826357937e-03  8.7826225254e+00  1.0624283733e+00  -7.8754147821e-02  -4.3415455215e-01  
0 8.7021865671e+00  1.7686808556e+00  6.9984624059e+00  9.8570429401e-01  -5.2850131021e-01  2.3931783867e-01  
0 7.8678280693e+00  8.9175679954e-01  7.9271345725e+00  -4.4364582159e-01  -9.9291889814e-01  -9.6692808052e-01  
0 5.2771415166e+00  3.5335233629e+00  8.7760376149e+00  -8.8033624648e-01  -1.1624811958e+00  -1.1344006177e+00  
0 7.0043295909e+00  3.5232858522e+00  7.0176817978e+00  -3.8854305934e-04  -8.0235626407e-01  -1.0226726252e+00  
0 8.7159420690e+00  3.5174564621e+00  8.7787530767e+00  1.2479310822e+00  -9.8461723961e-01  -8.9802608447e-01  
0 7.8963204631e+00  4.3755229044e+00  7.8549212879e+00  -1.2944816188e+00  6.2248516603e-01  1.2218520456e+00  
0 9.5892009306e+00  8.4383202445e-01  6.1150495691e+00  1.3888939835e-01  1.2652205170e+00  4.4102640157e-01  
0 1.0466297699e+01  1.7634958677e+00  5.2285366621e+00  5.7858293287e-01  -1.2708883155e+00  7.5061777014e-01  
0 1.2238592869e+01  1.8384941704e-02  5.2789848704e+00  8.2382538137e-01  -1.2801608138e+00  -8.8604352400e-01  
0 1.1351568258e+01  2.5916198263e+00  6.1498723938e+00  5.0691666688e-01  7.1671507279e-01  -1.4027609633e+00  
0 1.3109711381e+01  8.7615540498e-01  6.1214270720e+00  1.1655408292e+00  2.1502260701e-01  4.7013880371e-01  
0 9.6116993083e+00  4.3774151263e+00  6.1533700274e+00  9.1555707325e-01  -1.1189524198e+00  -6.9635893763e-01  
0 1.2264255415e+01  3.4504654363e+00  5.2415115461e+00  -9.2171271899e-01  9.2206906389e-01  4.7004771149e-01  
0 1.3121377028e+01  4.3257869357e+00  6.1134182571e+00  1.0721214443e+00  8.1075485893e-01  3.2667916363e-01  
0 9.6046305947e+00  2.6212108439e+00  7.8918475212e+00  -9.6618248111e-02  -1.7268549075e-01  -5.3965253201e-01  
0 1.0455106795e+01  -2.2418458347e-02  6.9942361636e+00  8.8449182847e-01  5.0226633399e-01  2.7792047260e-01  
0 1.0462571126e+01  1.7039535697e+00  8.7098603241e+00  1.2050009497e+00  1.2298392482e+00  1.4297411255e+00  
0 1.2269561490e+01  4.8926916965e-03  8.7571751844e+00  -3.6874738123e-01  -4.1942133646e-01  -4.7130403177e-01  
0 1.2256155953e+01  1.7291931864e+00  6.9742704308e+00  -3.4886770100e-01  8.6889501444e-02  1.2849583685e+00  
0 1.1380097481e+01  8.6684934101e-01  7.8490154490e+00  -3.3617963078e-01  -3.0403213682e-01  6.6462550440e-01  
0 1.3164951091e+01  2.5793337783e+00  7.8671850991e+00  -9.4574918622e-01  9.6765583252e-01  1.4407394041e-01  
0 1.0517657134e+01  3.4771165838e+00  7.0235673366e+00  -1.4064874630e+00  5.7795373142e-02  -9.0452031545e-01  
0 1.2243428952e+01  3.4629031316e+00  8.7295781275e+00  1.3024258530e+00  5.8459827277e-01  5.7699432893e-01  
0 1.1405324774e+01  4.3338120854e+00  7.8550068390e+00  -1.0330015253e+00  9.7365326102e-01  9.0165998414e-01  
0 -9.5878693287e-03  5.2321689191e+00  5.2437491203e+00  4.3681069537e-01  1.1817836035e-01  1.0228307059e+00  
0 8.6422695800e-01  6.1520741228e+00  6.1408120883e+00  -4.2365815823e-01  -1.0829396668e+00  -9.5762729262e-01  
0 3.5163178693e+00  5.2842672481e+00  5.2385397620e+00  -4.7273165712e-01  -8.0348844763e-01  6.6886430675e-01  
0 4.4148334154e+00  6.1304316557e+00  6.1389859804e+00  -1.2297722405e+00  2.0444370349e-01  -1.2704237642e+00  
0 -2.3174663969e-02  8.7652362519e+00  5.2309818468e+00  1.3086938587e+00  1.4246991579e-01  3.1135134518e-01  
0 1.7236489288e+00  6.9850837190e+00  5.2469165313e+00  6.1496671904e-01  1.0307375465e+00  3.3146812889e-01  
0 2.5797767663e+00  7.8421742873e+00  6.1216525073e+00  1.4629979675e+00  9.2683067232e-01  6.3028503796e-01  
0 3.4546726319e+00  8.7110418457e+00  5.2788387319e+00  1.4571003979e+00  1.4524079909e+00  -1.0610948650e+00  
0 2.3454029630e-02  5.2315040009e+00  8.7376057025e+00  -1.3579579126e+00  1.4996129884e+00  6.4637010055e-02  
0 1.7401769597e+00  5.2829775911e+00  7.0178621226e+00  6.6521609189e-01  -5.2894618142e-01  -8.8051072145e-01  
0 2.6694855456e+00  6.1538229954e+00  7.9055200067e+00  -1.3315463211e+00  -1.1288943711e+00  -1.2200953061e+00  
0 3.4920880101e+00  5.2260631768e+00  8.7321597253e+00  4.5244007143e-01  9.0804539843e-01  1.1200697773e+00  
0 -2.8321522855e-02  7.0311703353e+00  6.9808244601e+00  7.5770293813e-01  -9.5757034508e-01  5.2845522658e-01  
0 -2.7745915659e-02  8.7435925051e+00  8.7269912413e+00  7.2835631950e-01  -9.4460745793e-01  7.3865326563e-01  
0 1.7666102403e+00  6.9926492574e+00  8.7681454941e+00  -5.0476690554e-01  4.6692179944e-01  -6.5781395677e-01  
0 1.7358135541e+00  8.7329013260e+00  7.0162882219e+00  3.0002773618e-01  -9.8973901708e-02  -1.2065186089e+00  
0 8.7905921678e-01  7.8541812868e+00  7.8493029104e+00  -7.4982249556e-01  8.1554100816e-01  1.3488997581e+00  
0 3.5301017196e+00  7.0022388960e+00  7.0104218625e+00  -6.0559650737e-01  3.3930364846e-02  -4.9891931691e-01  
0 3.5055341327e+00  8.7241595359e+00  8.7690545426e+00  -5.9851735023e-01  1.1007489081e+00  -1.5235869362e+00  
0 4.4023375649e+00  7.9033338371e+00  7.8508031932e+00  -1.2598409055e+00  -6.7940973554e-01  5.8599719797e-01  
0 7.0212994218e+00  5.2250989366e+00  5.2813081964e+00  -1.0855058439e+00  8.0593515428e-01  -1.3431675941e+00  
0 7.8654308263e+00  6.1073757567e+00  6.1429226165e+00  6.8160665807e-01  8.8357070670e-01  -1.4195654975e-01  
0 5.2772718340e+00  7.0356051731e+00  5.2473577682e+00  -6.5597685063e-01  -5.2016308387e-01  1.2364932095e-01  
0 6.1171484432e+00  7.9357495467e+00  6.1289088540e+00  4.4082207175e-01  -1.0896247756e+00  -4.1079853015e-01  
0 6.9718442098e+00  8.7977591404e+00  5.2642551784e+00  1.6604999906e+00  -1.0580551865e+00  -3.4818301361e-01  
0 8.7896438968e+00  6.9797965932e+00  5.2543325290e+00  -1.1848529316e+00  1.2988637730e+00  9.9144939146e-01  
0 5.2526941322e+00  5.2325734263e+00  6.9658438303e+00  -3.2046022540e-01  1.8054462835e-01  1.2198272788e+00  
0 6.0964006943e+00  6.0961972972e+00  7.8722711902e+00  1.0223088831e+00  1.3247187042e+00  -7.6647368384e-01  
0 7.0043774202e+00  5.2796323363e+00  8.7277589251e+00  3.3865261744e-02  -1.0669861117e+00  8.3532017707e-01  
0 8.7632567802e+00  5.2412583047e+00  7.0229828813e+00  -7.9142658092e-01  1.6202531735e-01  -3.5434212621e-01  
0 5.2231733942e+00  6.9725442994e+00  8.7209825138e+00  1.1770567028e+00  7.0098191919e-01  2.1447445786e-01  
0 5.2596598492e+00  8.7976052991e+00  6.9823077200e+00  -7.0947434619e-01  -9.3551555563e-01  1.0123891438e+00  
0 6.9769304902e+00  7.0189264893e+00  6.9856672124e+00  7.8989414528e-01  -3.8033127603e-02  7.4576111671e-01  
0 6.9831407326e+00  8.7585409312e+00  8.7610535673e+00  8.6587743785e-02  -1.7865564740e-01  -1.0965382836e+00  
0 8.7447556914e+00  7.0204519098e+00  8.7331451269e+00  1.8402027864e-01  -1.0218915055e+00  1.4054481711e+00  
0 8.7480903529e+00  8.7773551781e+00  7.0291430371e+00  5.0734592664e-02  -2.6984002307e-01  -4.5999709623e-01  
0 7.8806181099e+00  7.8936298745e+00  7.8973456563e+00  -5.9283607473e-01  -2.6732605914e-01  -1.1305955881e+00  
0 1.0482840721e+01  5.2173459891e+00  5.2789666829e+00  1.4665117117e+00  6.6989971967e-01  -2.8365869499e-01  
0 1.1419220117e+01  6.1037824622e+00  6.1480850585e+00  -1.3052127556e+00  1.6875026207e-01  -4.3989774794e-01  
0 9.6619175994e+00  7.9015352748e+00  6.1531069372e+00  -1.1582633726e+00  -8.9403677825e-01  -4.6958397727e-01  
0 1.0528709726e+01  8.7638852453e+00  5.2792874512e+00  -1.4764504391e-01  -5.7273184421e-01  -1.0061476493e+00  
0 1.2282104086e+01  7.0112057025e+00  5.2719225268e+00  -9.8626236942e-01  -6.0897670816e-01  -9.7628556687e-01  
0 1.3115372860e+01  7.9088382906e+00  6.0963038695e+00  4.6130508054e-01  -9.0984374994e-01  1.1954468654e+00  
0 9.5988781542e+00  6.1066746857e+00  7.9014327794e+00  1.1321851978e+00  5.4378421506e-01  -1.2077248605e+00  
0 1.0487507169e+01  5.2361076176e+00  8.7561313692e+00  1.0369349709e+00  -6.3665525758e-02  -3.0940218460e-01  
0 1.2284115249e+01  5.1981404662e+00  6.9715590960e+00  -1.1629719755e+00  6.9245368038e-01  1.4360011694e+00  
0 1.3102694359e+01  6.1410547078e+00  7.8706505197e+00  1.0786407275e+00  -5.5137920886e-01  -8.1513196880e-01  
0 1.0509469948e+01  6.9712789711e+00  7.0308344308e+00  -1.4983476913e-01  4.6778503893e-01  -9.9920204346e-01  
0 1.0468585405e+01  8.7503822807e+00  8.7718335032e+00  1.1482940319e+00  -1.0618698000e-01  -4.9298990200e-01  
0 1.2226645159e+01  7.0151601920e+00  8.7206552652e+00  6.2542597589e-01  -5.4773904805e-01  7.3357306326e-01  
0 1.2240014374e+01  8.7730527901e+00  6.9829107554e+00  3.5602580066e-01  -4.8022393651e-01  9.6778778577e-02  
0 1.1344382623e+01  7.8935187628e+00  7.8472516475e+00  9.5106510835e-01  -2.3982461762e-01  1.3940593122e+00  
0 8.9513821350e-01  9.6497941564e+00  6.1371470383e+00  -1.3326288165e+00  -1.3255950482e+00  -7.0172442366e-01  
0 4.3545973071e+00  9.6243103993e+00  6.1447062334e+00  -1.0346796042e-01  5.3633740147e-01  -1.2404888579e+00  
0 -7.4852446376e-03  1.2255493312e+01  5.3040204956e+00  -5.6982645520e-02  -4.8510566406e-01  -1.2795436969e+00  
0 1.7313732882e+00  1.0490139800e+01  5.2251059120e+00  1.0897117142e+00  6.4152897300e-01  1.5782283532e+00  
0 8.5401209980e-01  1.3121502738e+01  6.1502920475e+00  8.7263702643e-01  5.8137629478e-01  -9.6561205874e-01  
0 2.6031920204e+00  1.1402611279e+01  6.1172972689e+00  4.8986736366e-01  -5.4556962027e-01  -1.6415279477e-01  
0 3.4912003966e+00  1.2248112594e+01  5.2385414384e+00  6.9142858778e-01  7.7810823820e-01  5.1054563345e-01  
0 4.4103963847e+00  1.3127970422e+01  6.1406953342e+00  -9.2709647760e-01  2.1711696089e-01  -4.4505828586e-01  
0 2.5879363739e+00  9.5991115830e+00  7.8794982796e+00  1.1602308758e+00  5.3752310829e-01  -2.5707834173e-01  
0 1.5138440234e-02  1.0493130778e+01  7.0217983088e+00  -1.1584621983e+00  4.9938435323e-01  -1.3433145356e+00  
0 1.4866514327e-02  1.2243648444e+01  8.7199147304e+00  -6.9452990025e-01  5.6539942849e-01  9.1575913380e-01  
0 1.7057246856e+00  1.0490731724e+01  8.7225497852e+00  1.2372929195e+00  -3.2987217084e-01  8.3718078744e-01  
0 1.7380699540e+00  1.2275395938e+01  6.9738043714e+00  -5.4192760436e-02  -1.1773531574e+00  1.2062910621e+00  
0 8.6763867565e-01  1.1369948802e+01  7.8789161937e+00  1.0469069091e-01  2.4661853257e-01  -9.4142317297e-01  
0 2.5925363157e+00  1.3118481636e+01  7.8660439129e+00  1.5258226325e+00  2.6596695347e-01  -4.5440448898e-02  
0 3.4831942680e+00  1.0520921307e+01  6.9899707161e+00  4.8869466057e-02  -7.2455198691e-01  8.8733784783e-01  
0 3.4502492117e+00  1.2225476488e+01  8.7332032638e+00  8.5555869903e-01  9.0557936511e-01  8.0811971552e-01  
0 4.3829214008e+00  1.1382951907e+01  7.9069542890e+00  -1.2729761169e+00  3.4654545551e-01  -1.2036751075e+00  
0 7.8778463180e+00  9.6680007187e+00  6.1512811248e+00  -1.0337755758e-02  -1.0631911897e+00  -1.0018732332e+00  
0 5.2285547998e+00  1.0521656418e+01  5.2271263183e+00  6.7672646461e-02  -4.9047431645e-01  1.7426930713e+00  
0 6.0929052883e+00  1.1407458703e+01  6.1322196760e+00  7.6570538038e-01  -7.4665968935e-01  4.1659666794e-02  
0 6.9699326995e+00  1.2225911121e+01  5.2715995265e+00  6.6232972262e-01  1.5303720454e+00  -1.1820938947e+00  
0 8.7805254923e+00  1.0475879472e+01  5.2308152351e+00  -1.0538681847e+00  7.4486940006e-01  1.0916896684e+00  
0 7.8228443275e+00  1.3155220989e+01  6.0984130185e+00  1.4260488899e+00  -1.5024543971e+00  1.4976649430e+00  
0 6.1117641480e+00  9.6653554389e+00  7.8521505558e+00  2.6724466605e-01  -4.0866390978e-01  1.0023936198e+00  
0 5.2280935949e+00  1.0526536176e+01  8.7790630290e+00  3.9624082486e-01  -9.7434390724e-01  -1.4366263646e+00  
0 5.2645227915e+00  1.2284770272e+01  7.0429735137e+00  -7.6976761409e-01  -1.2274671183e+00  -8.0370069804e-01  
0 6.1265961575e+00  1.3133827520e+01  7.9191299468e+00  -5.1004719862e-02  4.6093089474e-01  -5.9761030924e-01  
0 6.9908660377e+00  1.0554430745e+01  6.9766698003e+00  -6.1790156087e-02  -8.7418006902e-01  1.4824726158e+00  
0 6.9738156149e+00  1.2283893179e+01  8.7763916076e+00  7.6085677190e-01  -1.1382175393e+00  -4.8826311330e-01  
0 8.7135863979e+00  1.0529468300e+01  8.7410327184e+00  1.0927292444e+00  -5.1557704274e-01  1.0662478133e+00  
0 8.7079496422e+00  1.2259709551e+01  6.9852881132e+00  9.5785618268e-01  -3.0831200363e-01  3.9064278959e-01  
0 7.8582681277e+00  1.1417359458e+01  7.8954914574e+00  -3.4022796965e-01  -7.2060406895e-01  -6.6759176178e-01  
0 1.1401530915e+01  9.6325818759e+00  6.1137012458e+00  -1.3175760752e+00  5.9409127275e-01  8.9556812818e-01  
0 9.5977027685e+00  1.1347499245e+01  6.1135918146e+00  1.6184223205e+00  1.0047779821e+00  7.7781618931e-01  
0 1.0492688170e+01  1.2223592619e+01  5.2246516201e+00  4.9143084349e-01  7.8958358979e-01  1.2962636460e+00  
0 1.2215666603e+01  1.0539047463e+01  5.2640839198e+00  1.4594693853e+00  -1.0909707850e+00  -3.1105790500e-01  
0 1.1386383121e+01  1.3111133038e+01  6.1531070193e+00  -1.4733547323e+00  2.6062503364e-01  -7.9417571239e-01  
0 1.3077287234e+01  1.1390283590e+01  6.1472838555e+00  1.4445603894e+00  -5.1891883404e-01  2.2899609429e-01  
0 9.6345806775e+00  9.6355194605e+00  7.9194810750e+00  -9.7652039110e-01  9.2450615264e-02  -1.3210902330e+00  
0 1.3132141442e+01  9.6007965474e+00  7.8549716076e+00  -6.0259791982e-01  9.5386498465e-01  7.9873991586e-01  
0 9.6039280339e+00  1.3127136751e+01  7.8918385731e+00  -2.9081475751e-01  -2.9924726260e-01  -6.5639065895e-01  
0 1.0532165534e+01  1.0488220132e+01  7.0308131249e+00  -1.7060622342e+00  3.4931750717e-01  -5.4456211897e-01  
0 1.0459151401e+01  1.2241225880e+01  8.7553762710e+00  1.2953501708e+00  2.5130942225e-01  6.6283286856e-01  
0 1.2275456222e+01  1.0482996145e+01  8.7744004999e+00  -1.3799247752e+00  1.0065544549e-01  -8.8662519474e-01  
0 1.2230233143e+01  1.2266163752e+01  7.0481661119e+00  3.8150127080e-01  -7.4086992786e-01  -9.6617199044e-01  
0 1.1353947628e+01  1.1352811017e+01  7.9174255810e+00  7.1744368733e-01  1.1039966503e+00  -8.3022621171e-01  
0 1.3141806765e+01  1.3117116119e+01  7.8647290528e+00  -5.5865487952e-01  4.5042873550e-01  1.3000204122e+00  
0 8.6734266971e-01  2.6477630733e+00  9.6272520478e+00  -9.1527108452e-02  -1.5542657379e+00  1.8451246335e-01  
0 2.5972282116e+00  8.5098097230e-01  9.6080662290e+00  1.2390247063e+00  1.0209914127e+00  1.2205749577e+00  
0 4.4019052937e+00  2.6512160670e+00  9.6640480800e+00  -1.0069012359e+00  -1.1506537506e+00  -1.4104538480e+00  
0 2.6100412698e+00  4.3693168977e+00  9.6121587390e+00  5.8654306348e-01  -9.1255487218e-02  3.9919460304e-01  
0 4.1799323751e-02  -2.6338514696e-02  1.0524367687e+01  -1.2207363889e+00  7.9900271242e-01  -1.0097963006e+00  
0 -3.6573540866e-02  1.7156086497e+00  1.2295318604e+01  1.3954372934e+00  1.1855915456e+00  -1.3689894664e+00  
0 1.7632456719e+00  2.0682301845e-02  1.2244012065e+01  1.8004932867e-01  -2.3711570403e-01  9.4241443171e-01  
0 1.7318981371e+00  1.7367289619e+00  1.0524859737e+01  2.5912446899e-01  6.1500757663e-01  -1.1717223910e+00  
0 8.9543789891e-01  8.6558373798e-01  1.1413754729e+01  -1.2217448723e+00  2.2129485615e-01  -1.1701545761e+00  
0 9.0757265808e-01  2.6398386299e+00  1.3147393086e+01  -1.5990194117e+00  -9.0247809208e-01  -2.8271911143e-01  
0 2.6353084825e+00  8.9071248244e-01  1.3143586217e+01  -1.6242047980e-01  -1.2629691827e-01  -3.9528237696e-01  
0 2.6003158803e+00  2.6116514835e+00  1.1367605429e+01  7.0728511954e-01  8.9030113383e-01  3.9132620996e-01  
0 3.4904493107e+00  1.1497962019e-03  1.0485786709e+01  -1.0168969989e-01  3.1690007131e-01  3.5909076943e-01  
0 3.4743752792e+00  1.7421489318e+00  1.2227813688e+01  1.1185503840e+00  7.7541832058e-01  7.6143507350e-01  
0 4.3644743354e+00  9.0151837108e-01  1.1359073379e+01  2.4489195892e-01  -1.5856742134e+00  6.3871666892e-01  
0 4.3871217797e+00  2.6199775415e+00  1.3110781591e+01  -3.4995502506e-01  5.3788085603e-01  -2.2689487708e-01  
0 -1.7875875758e-02  3.4748015782e+00  1.0489521714e+01  7.4210636928e-01  1.3168907295e+00  5.2720116939e-01  
0 1.7292142210e+00  3.5075534616e+00  1.2225689861e+01  4.3517428702e-01  8.3390114274e-03  1.3944302573e+00  
0 8.4975037266e-01  4.3878042700e+00  1.1393689580e+01  5.9605353328e-01  -1.5206726691e-01  -1.0591643599e+00  
0 2.6095006796e+00  4.3971374509e+00  1.3136547264e+01  4.5023402661e-01  -1.0014147162e+00  -1.0247706570e+00  
0 3.5217706001e+00  3.4866798217e+00  1.0524448885e+01  -1.3425599828e+00  8.3410007511e-01  -8.7237544075e-01  
0 4.3923373934e+00  4.3892894411e+00  1.1362455520e+01  -8.4980007248e-01  -3.0693986917e-01  9.1765592966e-01  
0 6.0970446742e+00  8.9135012925e-01  9.6569277450e+00  9.8306793164e-01  -1.1261319972e+00  -1.9538619631e-01  
0 7.8422114434e+00  2.6355117793e+00  9.6160918827e+00  1.4922344820e+00  -9.5228815808e-01  1.1861418830e+00  
0 6.1406982739e+00  4.3904677285e+00  9.6168505576e+00  -2.0520467094e-01  5.5805597152e-01  8.2138009689e-02  
0 5.2450178184e+00  -2.0465602960e-02  1.2245958811e+01  3.1859569725e-02  1.2275776377e+00  5.2940138868e-02  
0 5.2576889999e+00  1.7346791015e+00  1.0525706772e+01  -8.0860451618e-01  1.1225165180e+00  -8.7887502970e-01  
0 6.1324457322e+00  8.4789611917e-01  1.3125639173e+01  -4.4434129864e-01  1.5172221384e+00  -1.0155802471e+00  
0 6.1008662759e+00  2.6468262218e+00  1.1340037942e+01  1.4111741176e+00  -4.4640636121e-01  1.4752895845e+00  
0 6.9754908995e+00  -1.0649349845e-02  1.0523962879e+01  1.1331502430e+00  3.1174281628e-01  -8.3656605526e-02  
0 7.0139744567e+00  1.7722654695e+00  1.2208681198e+01  -9.3359174718e-01  -7.4011909587e-01  9.5984974598e-01  
0 8.7224528711e+00  1.5850944727e-02  1.2268050062e+01  1.0854868414e+00  -1.1077669879e+00  -7.6632384916e-01  
0 8.7819409060e+00  1.7145031697e+00  1.0498895796e+01  -8.7768426935e-01  1.5007472974e+00  -9.2994672223e-03  
0 7.8971724733e+00  8.7963249208e-01  1.1379801051e+01  -1.1601823265e+00  -3.5142713458e-01  -6.1198901622e-01  
0 7.8771860193e+00  2.6132997285e+00  1.3080751275e+01  1.9713383677e-01  9.4302223137e-01  9.4401795861e-01  
0 5.2762888484e+00  3.5363745040e+00  1.2247486913e+01  -7.5408049664e-01  -1.2320670998e+00  -5.0798946729e-01  
0 6.1596918819e+00  4.3956671872e+00  1.3121993321e+01  -7.7408369580e-01  -9.0877228854e-01  -5.4404149725e-01  
0 6.9703355814e+00  3.5017550232e+00  1.0463693932e+01  1.6311189602e+00  5.9264921305e-01  1.7373630230e+00  
0 8.7862089567e+00  3.4934533404e+00  1.2233156926e+01  -8.3564242130e-01  -1.0696394255e-01  -8.2231491025e-02  
0 7.9099756070e+00  4.3670813735e+00  1.1383656188e+01  -1.3101869087e+00  4.5143029880e-01  -1.5001840853e+00  
0 9.6616270439e+00  8.5016176566e-01  9.6483688508e+00  -1.2939890349e+00  6.5574102389e-01  -1.2017949904e+00  
0 1.1354082655e+01  2.6092359841e+00  9.5962969170e+00  1.0670425234e+00  -3.6944358044e-01  8.7160981678e-01  
0 1.3151902806e+01  8.6780542398e-01  9.6390033558e+00  -3.5058840110e-01  -8.0691092313e-02  -8.0972616627e-02  
0 9.5949020933e+00  4.3680843422e+00  9.6435588669e+00  1.3855191770e+00  1.1376663064e-01  -6.8144174520e-01  
0 1.3157593489e+01  4.3804041659e+00  9.6152485429e+00  -1.1829024152e+00  -1.0081747818e+00  -2.4430952085e-01  
0 9.6006447713e+00  8.4040703082e-01  1.3142951793e+01  9.5431406151e-01  1.4339362612e+00  -7.1790387759e-01  
0 9.6684158255e+00  2.5815953829e+00  1.1382244981e+01  -9.3027739034e-01  1.3920251412e+00  -3.7908113888e-01  
0 1.0545253578e+01  2.4293485858e-02  1.0496961965e+01  -1.2983727499e+00  -1.1634839571e+00  5.0111288075e-01  
0 1.0521233794e+01  1.7297459522e+00  1.2266641130e+01  -4.5683108264e-01  1.3102510411e-01  -8.1574035172e-02  
0 1.2256699158e+01  -2.4447381797e-02  1.2250733213e+01  1.8814319385e-01  2.6160490885e-01  -2.2914405294e-01  
0 1.2258563230e+01  1.7182292170e+00  1.0530897854e+01  -4.0136936320e-01  1.1069152530e+00  -1.3239775699e+00  
0 1.1386585115e+01  8.6378834682e-01  1.1406800430e+01  5.6073609071e-01  -7.1227712768e-02  -6.7350699035e-01  
0 1.1374158820e+01  2.6579442991e+00  1.3131904891e+01  -1.7869732809e-01  -1.1656004867e+00  4.9376411760e-02  
0 1.3102268169e+01  8.2857115249e-01  1.3141052798e+01  3.9670469425e-01  1.3074942347e+00  -1.2932678843e-01  
0 1.3101736233e+01  2.6433721857e+00  1.1363823934e+01  6.7063713912e-01  -1.2894467627e+00  1.2411575440e+00  
0 9.6240091581e+00  4.3738843125e+00  1.3099867647e+01  3.0308273810e-02  5.1142089308e-01  7.5307540811e-01  
0 1.0518935148e+01  3.5099959905e+00  1.0504726116e+01  -6.6991671699e-01  -7.6660231931e-01  -6.5197672613e-01  
0 1.2244157436e+01  3.5099840499e+00  1.2268909544e+01  -4.4889370981e-02  1.2916216741e-01  -1.0460001547e+00  
0 1.1397665964e+01  4.3864164123e+00  1.1350766830e+01  -5.2072981767e-01  -3.7317836031e-02  8.5552423592e-01  
0 1.3103456972e+01  4.3878337025e+00  1.3102663524e+01  2.1774374075e-01  -2.4652149788e-01  1.0904717000e+00  
0 8.6338457370e-01  6.1289646295e+00  9.6031450994e+00  7.7863083391e-01  1.4741727835e-01  9.8163990246e-01  
0 4.3643011389e+00  6.1399262228e+00  9.6029809113e+00  2.2615172495e-01  -1.4184448627e+00  5.1065469318e-01  
0 2.6350979721e+00  7.8822488907e+00  9.6574516995e+00  7.0672421641e-02  -1.1059539100e+00  -1.2093620449e+00  
0 -2.0474143209e-02  5.2778226422e+00  1.2237680366e+01  8.5577500012e-01  -3.1155829759e-01  1.3351753474e+00  
0 1.7483727266e+00  5.2704300566e+00  1.0511988938e+01  -9.1166501734e-02  -9.3942357134e-01  -2.0079870987e-01  
0 8.8868743818e-01  6.1653937770e+00  1.3161097340e+01  -1.0898405528e+00  -9.7297920084e-01  -1.3327369772e+00  
0 2.6605287755e+00  6.1245556081e+00  1.1395814120e+01  -1.4526798787e+00  1.6160049591e-01  -7.7538549631e-01  
0 3.4957784437e+00  5.2697961212e+00  1.2262283635e+01  5.7842136066e-01  -9.9582266809e-01  -5.4364952383e-01  
0 4.4180137138e+00  6.1009783910e+00  1.3115915390e+01  -1.4632696710e+00  4.1904071128e-01  7.5836905743e-01  
0 -7.5572567806e-03  7.0004142109e+00  1.0502336879e+01  3.1034463555e-01  3.4140735287e-01  -6.6464255670e-01  
0 -4.4216313935e-03  8.7423288344e+00  1.2249821606e+01  1.3964492960e-01  5.2509807287e-01  -7.0251731675e-01  
0 1.7657543975e+00  7.0222080347e+00  1.2252136915e+01  -1.2265562917e-01  -9.5788127153e-01  3.8502743425e-01  
0 1.7640646332e+00  8.7439017272e+00  1.0483309159e+01  -9.8281856169e-01  -5.1504451670e-02  6.8379584079e-01  
0 8.9402742716e-01  7.8682973577e+00  1.1364783588e+01  -5.7701829303e-01  3.9854780475e-01  4.1306325153e-01  
0 2.6608836832e+00  7.8411510852e+00  1.3161125716e+01  -1.1370461273e+00  1.2085410638e+00  -1.0685179051e+00  
0 3.5240744246e+00  6.9617091033e+00  1.0515365633e+01  -9.1133671728e-01  1.4113758764e+00  -2.8242491728e-01  
0 3.4778551557e+00  8.7175724084e+00  1.2280229303e+01  1.6063841259e+00  1.3144696472e+00  -1.0337009773e+00  
0 4.3794673003e+00  7.8627786759e+00  1.1383186746e+01  -2.7761126260e-01  -4.7466899393e-01  1.9932445822e-01  
0 7.8767373169e+00  6.1368333769e+00  9.6423700988e+00  -2.0161928746e-02  -2.1086421161e-02  -1.2211840325e+00  
0 6.0903462556e+00  7.8473259531e+00  9.5866883558e+00  9.4638142740e-01  8.9211226696e-01  1.1857102428e+00  
0 5.2528012114e+00  5.2382063370e+00  1.0473964340e+01  2.6524460270e-02  1.3241495982e+00  7.5892479274e-01  
0 6.1060031080e+00  6.1336999204e+00  1.1393792327e+01  1.6862534183e+00  -3.7242108457e-01  -1.1125358377e+00  
0 7.0083284954e+00  5.2617624149e+00  1.2249200462e+01  6.6805470215e-01  -1.9503588259e-01  3.3702328629e-01  
0 8.7731253437e+00  5.2706435005e+00  1.0472503340e+01  -1.2074847241e+00  -6.5846698687e-01  1.5141550949e+00  
0 7.9108887883e+00  6.1281235215e+00  1.3168230861e+01  -1.3668215858e+00  -4.3809502623e-01  -1.4517585295e+00  
0 5.2656869390e+00  6.9837212063e+00  1.2273737749e+01  -7.0391670664e-01  4.6150609460e-01  -1.0646222098e+00  
0 5.2110539030e+00  8.7056702969e+00  1.0456682428e+01  1.0278188038e+00  1.0893137528e+00  1.4966055868e+00  
0 6.1085266671e+00  7.8624727624e+00  1.3119865761e+01  1.0752985404e+00  3.3783049002e-01  8.8394185015e-01  
0 7.0170490668e+00  7.0078946216e+00  1.0495173636e+01  -9.2104927788e-01  -5.9191918756e-01  2.7446071636e-01  
0 7.0215879746e+00  8.7433818758e+00  1.2227197782e+01  -1.1105642301e+00  -2.4028296388e-01  1.0382389695e+00  
0 8.7610656440e+00  6.9562758342e+00  1.2265609055e+01  1.1560027274e-01  1.4633863278e+00  -6.8934759436e-01  
0 8.7322336018e+00  8.7779861336e+00  1.0528847230e+01  8.6022929732e-01  -1.2675308692e+00  -8.9221796577e-01  
0 7.8954009763e+00  7.8580172307e+00  1.1394792019e+01  -1.0129696179e+00  4.1146376211e-01  -7.3832526780e-01  
0 1.1404404293e+01  6.1320168514e+00  9.5937337035e+00  -1.1330782018e+00  -5.6713430696e-01  1.4080850965e+00  
0 9.6379734193e+00  7.8465017253e+00  9.6448101060e+00  -9.5998432081e-01  1.5611340284e+00  -2.7588136570e-01  
0 1.3094757319e+01  7.8698726084e+00  9.6236585805e+00  9.8105106193e-01  4.5079158809e-01  -2.6305436437e-01  
0 9.6163139890e+00  6.1075816645e+00  1.1367690840e+01  9.3873718017e-01  7.7091583735e-01  1.8474125803e-01  
0 1.0487459029e+01  5.2760380924e+00  1.2247864392e+01  7.9671111148e-01  -1.0842098333e+00  -2.8557200157e-01  
0 1.2297866912e+01  5.2398360644e+00  1.0499988322e+01  -1.2724568302e+00  9.7148141577e-01  -7.7085791221e-01  
0 1.1369001182e+01  6.1500097580e+00  1.3135408360e+01  4.4445160414e-01  -1.1543169472e+00  -5.0357833052e-01  
0 1.3143132557e+01  6.1624285588e+00  1.1376199953e+01  -9.9838280469e-01  -1.1005612511e+00  1.2159057267e-01  
0 9.6531991734e+00  7.8668900036e+00  1.3100043310e+01  -1.2251494783e+00  6.6289798282e-02  8.3565963294e-01  
0 1.0520510531e+01  7.0051736111e+00  1.0526026666e+01  -6.2949334283e-01  -5.3414886930e-01  -1.0160126430e+00  
0 1.0474504616e+01  8.7747919310e+00  1.2225349497e+01  1.0017337526e+00  -1.0803982095e+00  1.3062658691e+00  
0 1.2233417581e+01  7.0031452399e+00  1.2252715482e+01  3.8500500012e-01  6.9977406189e-01  1.9336658820e-01  
0 1.2265775725e+01  8.7462286715e+00  1.0529301371e+01  -9.9267503546e-01  1.0660824344e-01  -1.4276143110e+00  
0 1.1367096059e+01  7.8860318882e+00  1.1396136045e+01  1.8191746088e-01  -2.1490057656e-01  -9.3371176378e-01  
0 1.3078179756e+01  7.9146237686e+00  1.3105402130e+01  1.4480682155e+00  -1.3856482949e+00  8.8033250266e-01  
0 8.4897850611e-01  9.5964703692e+00  9.5938772992e+00  7.9165632025e-01  7.3216611909e-01  6.5119827706e-01  
0 4.3504800331e+00  9.5901028946e+00  9.6089630516e+00  7.1331752672e-01  1.4208208264e+00  7.9848210744e-01  
0 8.8403833714e-01  1.3128807347e+01  9.5969353155e+00  -1.1950535306e-01  -5.9673278230e-01  9.7612477026e-01  
0 2.5737275616e+00  1.1335225719e+01  9.6018322003e+00  1.0902618576e+00  1.1115722661e+00  3.3712301662e-01  
0 4.3374947325e+00  1.3142065134e+01  9.6355492572e+00  8.7874610242e-01  -9.3043970204e-01  -8.3569895998e-01  
0 8.5583936529e-01  9.6088685655e+00  1.3105287532e+01  1.0178961372e+00  5.7683840421e-01  1.9548947070e-01  
0 2.6146471763e+00  9.6287280496e+00  1.1389875086e+01  -3.9564180303e-02  -5.2889837544e-01  -2.6089471600e-01  
0 4.3643070602e+00  9.6624740253e+00  1.3123699419e+01  -3.8981464817e-01  -1.2955798651e+00  4.3784024099e-01  
0 2.7670853091e-02  1.0523224207e+01  1.0470330825e+01  -1.1364855575e+00  -1.0841998048e+00  7.5256401204e-01  
0 7.1131062847e-03  1.2235874659e+01  1.2232523829e+01  1.0241463587e-01  6.8759884319e-01  9.9612398398e-01  
0 1.7396376588e+00  1.0496548609e+01  1.2228618893e+01  1.0752051949e-01  3.2730947552e-01  1.2369738492e+00  
0 1.7246846569e+00  1.2247318938e+01  1.0483441239e+01  1.3879403746e+00  1.2216670732e-02  3.5370696587e-01  
0 8.9685043251e-01  1.1364572046e+01  1.1383402767e+01  -1.2116152246e+00  6.4782054483e-01  -1.1284431977e+00  
0 9.0863191110e-01  1.3162926895e+01  1.3118918762e+01  -1.1880678174e+00  -1.1223295210e+00  5.5914586649e-01  
0 2.5888554939e+00  1.1412587457e+01  1.3128832924e+01  1.5823440540e+00  -4.4281060998e-01  -6.7555355183e-01  
0 2.6435049943e+00  1.3148235935e+01  1.1357818708e+01  -1.5029434892e+00  -6.6185589787e-01  8.9889807424e-02  
0 3.4665175387e+00  1.0487884862e+01  1.0472198096e+01  9.3003348163e-01  1.8162216797e-02  1.2195943691e+00  
0 3.4695765127e+00  1.2277204746e+01  1.2228644755e+01  1.1379462436e+00  -4.4538144381e-01  8.1875562746e-01  
0 4.3894028324e+00  1.1394650879e+01  1.1394546740e+01  -1.5958203877e+00  -1.1853867265e+00  -1.6673850345e+00  
0 4.3698712689e+00  1.3157179624e+01  1.3110443813e+01  -1.7921671930e-01  -8.8310936696e-01  5.4662317200e-01  
0 7.8628498185e+00  9.6166533459e+00  9.6081167325e+00  -3.6794717622e-01  6.5086160314e-01  8.7911581708e-01  
0 6.1085759400e+00  1.1404225952e+01  9.6062277429e+00  1.3251486980e-02  -1.0640327063e+00  1.1583154001e+00  
0 7.8669458336e+00  1.3114154582e+01  9.6373881664e+00  -1.4591316923e-01  1.0967854791e+00  5.6897434333e-01  
0 6.1016059799e+00  9.5881942450e+00  1.1355482673e+01  5.3892505977e-01  8.8243135265e-01  -2.9392527214e-01  
0 7.8763282286e+00  9.6239227025e+00  1.3140005466e+01  1.8428411566e-01  -1.6402036990e-02  -1.1657905775e+00  
0 5.2372890877e+00  1.0474808772e+01  1.2240793480e+01  2.8114200957e-01  7.2031404905e-01  -1.0579104357e-01  
0 5.2339663653e+00  1.2240218909e+01  1.0475002408e+01  3.5638601054e-01  8.9719412808e-01  1.4829412980e+00  
0 6.1302119584e+00  1.1337922211e+01  1.3099246173e+01  -1.2119421497e-01  7.2267337406e-01  1.1027550392e+00  
0 6.1408096043e+00  1.3112988039e+01  1.1407960416e+01  -1.2651551630e+00  -5.1604567245e-02  -1.3717251770e+00  
0 6.9977889129e+00  1.0517369109e+01  1.0461771340e+01  -4.7246823800e-01  -3.6166323599e-01  1.1615809860e+00  
0 7.0158670009e+00  1.2205999165e+01  1.2264605073e+01  -9.0308317653e-01  1.3446602466e+00  -8.3984030138e-01  
0 8.7611407283e+00  1.0537162963e+01  1.2255568596e+01  -9.4257911881e-01  -1.1092467266e+00  -5.3133976822e-02  
0 8.7705389818e+00  1.2266827108e+01  1.0517098481e+01  -1.2141804870e+00  -4.6627196361e-02  -5.1292269648e-01  
0 7.8722085681e+00  1.1388378037e+01  1.1357667212e+01  2.4420207318e-01  -4.4459479014e-01  7.7171341372e-01  
0 7.8433568095e+00  1.3139260009e+01  1.3125791947e+01  1.3236476284e+00  -8.3772068483e-01  1.5696235020e-01  
0 1.1347159561e+01  9.5989326264e+00  9.6148862570e+00  1.0038188691e+00  9.7373295960e-01  1.6317319015e+00  
0 9.6054317042e+00  1.1387271935e+01  9.6637748161e+00  3.6414692963e-01  -2.2858981400e-01  -8.1314364094e-01  
0 1.1382121515e+01  1.3137241161e+01  9.6285949335e+00  1.5717111544e-01  -5.0349488462e-01  -3.5813352373e-01  
0 1.3120965975e+01  1.1381635367e+01  9.6081947632e+00  7.9959484668e-01  -3.2598705565e-01  2.2455321868e-01  
0 9.6143702479e+00  9.6329710393e+00  1.1398459996e+01  -1.1600625469e-01  3.5667353301e-01  -6.3362795533e-01  
0 1.1371281407e+01  9.6285637570e+00  1.3090850559e+01  -2.9688531983e-01  2.6779389781e-01  1.4464225723e+00  
0 1.3130617362e+01  9.6567231300e+00  1.1352705719e+01  1.4668107541e-01  -1.2200739656e+00  6.7509148341e-01  
0 9.6128068607e+00  1.1424123991e+01  1.3109909434e+01  8.6351533230e-02  -8.7005566440e-01  9.7155350651e-01  
0 9.6364898834e+00  1.3150150671e+01  1.1366356659e+01  -2.4746232041e-01  -5.1874508221e-01  6.1271816414e-01  
0 1.0478397898e+01  1.0486678514e+01  1.0529434357e+01  7.6033831079e-01  8.1847824482e-01  -1.1309609090e+00  
0 1.0497371820e+01  1.2265160262e+01  1.2233224909e+01  6.6707512272e-01  3.5473708416e-01  1.0788157515e+00  
0 1.2255017269e+01  1.0478815631e+01  1.2249728171e+01  -3.2265380160e-04  1.7574359800e+00  -1.1975422386e-01  
0 1.2267222473e+01  1.2243804123e+01  1.0471883601e+01  -3.4896894316e-01  2.5962625822e-01  6.0921405324e-01  
0 1.1413817513e+01  1.1395281541e+01  1.1390206438e+01  -1.4835604506e+00  -8.3778795920e-01  -9.6566625283e-01  
0 1.1407132037e+01  1.3134903257e+01  1.3112401571e+01  -1.3319704829e+00  -7.1524066186e-01  6.7429227376e-01  
0 1.3114010013e+01  1.1392034123e+01  1.3142730356e+01  7.6665798336e-01  -7.9503296701e-01  -6.7042690103e-01  
0 1.3124864214e+01  1.3111195674e+01  1.1338924730e+01  8.0692757696e-01  1.3564017655e-01  1.3257982326e+00  
