#N 512 1
#C Si
#X   1.4000000000e+01 0.0 0.0
#Y  0.0   1.4000000000e+01 0.0
#Z  0.0 0.0   1.4000000000e+01
#E 0.0
#F
0 0.0000000000e+00  0.0000000000e+00  0.0000000000e+00  6.6613381478e-16  -2.2204460493e-16  -8.8817841970e-16  
0 0.0000000000e+00  1.7500000000e+00  1.7500000000e+00  2.4424906542e-15  3.4694469520e-16  -1.6306400674e-16  
0 1.7500000000e+00  0.0000000000e+00  1.7500000000e+00  4.1633363423e-16  4.4582393333e-16  2.2898349883e-16  
0 1.7500000000e+00  1.7500000000e+00  0.0000000000e+00  5.6898930012e-16  -4.5059442288e-16  3.9497485144e-16  
0 8.7500000000e-01  8.7500000000e-01  8.7500000000e-01  6.6613381478e-16  5.5511151231e-17  4.2327252814e-16  
0 8.7500000000e-01  2.6250000000e+00  2.6250000000e+00  4.4408920985e-16  1.3170887991e-15  7.4972580227e-17  
0 2.6250000000e+00  8.7500000000e-01  2.6250000000e+00  1.0772632786e-15  4.4408920985e-16  -9.3203439758e-16  
0 2.6250000000e+00  2.6250000000e+00  8.7500000000e-01  1.4181364416e-15  1.0513508467e-15  4.4408920985e-16  
0 3.5000000000e+00  0.0000000000e+00  0.0000000000e+00  -9.1853608053e-16  2.2204460493e-16  8.8817841970e-16  
0 3.5000000000e+00  1.7500000000e+00  1.7500000000e+00  1.7659484985e-15  2.2204460493e-16  -4.8397429727e-16  
0 4.3750000000e+00  8.7500000000e-01  8.7500000000e-01  1.2834785318e-15  -1.1102230246e-15  -4.4408920985e-16  
0 4.3750000000e+00  2.6250000000e+00  2.6250000000e+00  1.4170522394e-15  1.4831885720e-16  1.6387715837e-16  
0 0.0000000000e+00  3.5000000000e+00  0.0000000000e+00  2.2204460493e-16  -2.5218542532e-16  7.7715611724e-16  
0 1.7500000000e+00  3.5000000000e+00  1.7500000000e+00  7.6327832943e-16  4.5167862506e-16  4.8747084928e-16  
0 8.7500000000e-01  4.3750000000e+00  8.7500000000e-01  -8.8817841970e-16  1.3147035544e-15  -4.4408920985e-16  
0 2.6250000000e+00  4.3750000000e+00  2.6250000000e+00  6.5399075044e-16  9.7471130559e-16  2.0551052179e-16  
0 3.5000000000e+00  3.5000000000e+00  0.0000000000e+00  1.3470127791e-15  1.1526966447e-15  4.4398078963e-16  
0 4.3750000000e+00  4.3750000000e+00  8.7500000000e-01  9.2363183074e-16  1.8149544367e-15  -4.4408920985e-16  
0 0.0000000000e+00  0.0000000000e+00  3.5000000000e+00  2.2204460493e-16  6.3837823916e-16  2.2204460493e-16  
0 1.7500000000e+00  1.7500000000e+00  3.5000000000e+00  1.0269562978e-15  5.0133508456e-16  9.8320874012e-16  
0 8.7500000000e-01  8.7500000000e-01  4.3750000000e+00  -1.1102230246e-15  -4.4408920985e-16  1.3183898417e-15  
0 2.6250000000e+00  2.6250000000e+00  4.3750000000e+00  1.4398204851e-16  4.6842954862e-16  1.4069149491e-15  
0 3.5000000000e+00  0.0000000000e+00  3.5000000000e+00  1.1804793254e-15  4.4403499974e-16  1.2025699447e-15  
0 4.3750000000e+00  8.7500000000e-01  4.3750000000e+00  1.3106920063e-15  -4.4408920985e-16  1.9058376838e-15  
0 0.0000000000e+00  3.5000000000e+00  3.5000000000e+00  4.4408920985e-16  5.6985666186e-16  1.1247242287e-15  
0 8.7500000000e-01  4.3750000000e+00  4.3750000000e+00  -4.4408920985e-16  1.3250305800e-15  1.8500012720e-15  
0 3.5000000000e+00  3.5000000000e+00  3.5000000000e+00  6.8218000693e-16  1.0690097895e-15  2.3581397252e-16  
0 4.3750000000e+00  4.3750000000e+00  4.3750000000e+00  1.0863705768e-16  8.7104802537e-16  6.2319940874e-16  
0 5.2500000000e+00  0.0000000000e+00  1.7500000000e+00  -5.6378512969e-16  0.0000000000e+00  4.2327252814e-16  
0 5.2500000000e+00  1.7500000000e+00  0.0000000000e+00  1.3183898417e-16  4.7184478547e-16  8.8817841970e-16  
0 6.1250000000e+00  8.7500000000e-01  2.6250000000e+00  4.2893748449e-17  -4.4408920985e-16  -1.3314002678e-16  
0 6.1250000000e+00  2.6250000000e+00  8.7500000000e-01  4.7001519430e-16  7.9537071374e-16  0.0000000000e+00  
0 7.0000000000e+00  0.0000000000e+00  0.0000000000e+00  2.2204460493e-16  4.4408920985e-16  6.3837823916e-16  
0 7.0000000000e+00  1.7500000000e+00  1.7500000000e+00  4.7829578839e-16  1.2490009027e-16  -7.3639011555e-16  
0 8.7500000000e+00  0.0000000000e+00  1.7500000000e+00  -4.4885969941e-17  0.0000000000e+00  7.1470607210e-16  
0 8.7500000000e+00  1.7500000000e+00  0.0000000000e+00  2.3787395664e-16  2.2204460493e-16  0.0000000000e+00  
0 7.8750000000e+00  8.7500000000e-01  8.7500000000e-01  6.6266436782e-16  -4.4408920985e-16  -4.4408920985e-16  
0 7.8750000000e+00  2.6250000000e+00  2.6250000000e+00  3.2588406799e-16  7.8062556419e-16  7.5704416694e-16  
0 5.2500000000e+00  3.5000000000e+00  1.7500000000e+00  1.2348385118e-15  1.7607443281e-15  3.1918911958e-16  
0 6.1250000000e+00  4.3750000000e+00  2.6250000000e+00  1.0832941532e-15  1.9392040057e-15  1.7199783264e-15  
0 7.0000000000e+00  3.5000000000e+00  0.0000000000e+00  1.0709206959e-16  -5.0306980803e-17  -8.8823262981e-16  
0 8.7500000000e+00  3.5000000000e+00  1.7500000000e+00  1.9896194067e-15  5.1694759584e-16  3.8857805862e-16  
0 7.8750000000e+00  4.3750000000e+00  8.7500000000e-01  3.9356538861e-16  6.1799523832e-16  8.8817841970e-16  
0 5.2500000000e+00  1.7500000000e+00  3.5000000000e+00  1.5940346916e-15  5.8286708793e-16  7.4143165565e-16  
0 6.1250000000e+00  2.6250000000e+00  4.3750000000e+00  1.1093150053e-15  4.9873299934e-16  5.6196909105e-16  
0 7.0000000000e+00  0.0000000000e+00  3.5000000000e+00  1.3484764520e-16  -8.8817841970e-16  5.8243340706e-16  
0 8.7500000000e+00  1.7500000000e+00  3.5000000000e+00  2.2656572798e-15  6.8001160258e-16  8.6400071125e-16  
0 7.8750000000e+00  8.7500000000e-01  4.3750000000e+00  1.9651164376e-16  8.8817841970e-16  6.4962683670e-16  
0 7.0000000000e+00  3.5000000000e+00  3.5000000000e+00  5.1575497345e-16  1.4849232954e-15  1.0407798755e-15  
0 7.8750000000e+00  4.3750000000e+00  4.3750000000e+00  5.4622105450e-16  1.4602034859e-15  1.3099330648e-15  
0 9.6250000000e+00  8.7500000000e-01  2.6250000000e+00  -1.5699247458e-16  0.0000000000e+00  5.7449162615e-17  
0 9.6250000000e+00  2.6250000000e+00  8.7500000000e-01  3.9942008034e-16  1.6738726290e-16  8.8817841970e-16  
0 1.0500000000e+01  0.0000000000e+00  0.0000000000e+00  -4.2500725161e-16  4.4387236942e-16  7.4929212140e-16  
0 1.0500000000e+01  1.7500000000e+00  1.7500000000e+00  1.7876325420e-15  4.8577678338e-16  2.7840956537e-16  
0 1.2250000000e+01  0.0000000000e+00  1.7500000000e+00  -2.2204460493e-16  1.3877787808e-15  3.3306690739e-16  
0 1.2250000000e+01  1.7500000000e+00  0.0000000000e+00  0.0000000000e+00  -2.3071822230e-16  9.9789967956e-16  
0 1.1375000000e+01  8.7500000000e-01  8.7500000000e-01  9.7144514655e-16  2.2204460493e-16  3.3306690739e-16  
0 1.1375000000e+01  2.6250000000e+00  2.6250000000e+00  9.8532293435e-16  1.3846345945e-15  6.6319291638e-16  
0 1.3125000000e+01  8.7500000000e-01  2.6250000000e+00  -6.6613381478e-16  -1.0547118734e-15  1.5751289162e-15  
0 1.3125000000e+01  2.6250000000e+00  8.7500000000e-01  4.4408920985e-16  8.3375147064e-16  -6.1062266354e-16  
0 9.6250000000e+00  4.3750000000e+00  2.6250000000e+00  5.5467783144e-16  -1.6267098345e-16  -9.1940344227e-17  
0 1.0500000000e+01  3.5000000000e+00  0.0000000000e+00  1.2628786905e-15  -3.3182007489e-16  -1.3321049992e-15  
0 1.2250000000e+01  3.5000000000e+00  1.7500000000e+00  2.2204460493e-16  1.3433264917e-15  -2.7927692711e-16  
0 1.1375000000e+01  4.3750000000e+00  8.7500000000e-01  2.2204460493e-16  -3.6305864998e-16  0.0000000000e+00  
0 1.3125000000e+01  4.3750000000e+00  2.6250000000e+00  4.4408920985e-16  1.0900026541e-15  6.2818673874e-16  
0 9.6250000000e+00  2.6250000000e+00  4.3750000000e+00  1.2923689896e-16  -1.6829528222e-16  5.8372089714e-16  
0 1.0500000000e+01  0.0000000000e+00  3.5000000000e+00  1.4571677198e-15  -1.3320507891e-15  -2.5397435890e-16  
0 1.2250000000e+01  1.7500000000e+00  3.5000000000e+00  0.0000000000e+00  3.3306690739e-16  2.1415703412e-16  
0 1.1375000000e+01  8.7500000000e-01  4.3750000000e+00  1.3877787808e-16  -8.6736173799e-19  -2.9619048100e-16  
0 1.3125000000e+01  2.6250000000e+00  4.3750000000e+00  -4.4408920985e-16  9.1354875054e-16  1.0349251837e-15  
0 1.0500000000e+01  3.5000000000e+00  3.5000000000e+00  5.9587751400e-16  4.5056731783e-16  -6.0409034545e-16  
0 1.1375000000e+01  4.3750000000e+00  4.3750000000e+00  1.1796119637e-15  1.5475359709e-15  6.6580855412e-16  
0 0.0000000000e+00  5.2500000000e+00  1.7500000000e+00  0.0000000000e+00  -2.7755575616e-17  4.2327252814e-16  
0 1.7500000000e+00  5.2500000000e+00  0.0000000000e+00  4.9960036108e-16  -5.2041704279e-17  8.8817841970e-16  
0 8.7500000000e-01  6.1250000000e+00  2.6250000000e+00  -4.4408920985e-16  -1.0486945513e-16  -1.6805133674e-16  
0 2.6250000000e+00  6.1250000000e+00  8.7500000000e-01  1.3964523982e-15  8.8729750543e-16  4.4408920985e-16  
0 3.5000000000e+00  5.2500000000e+00  1.7500000000e+00  1.2316536679e-16  3.0474212563e-16  2.6367796835e-16  
0 4.3750000000e+00  6.1250000000e+00  2.6250000000e+00  7.9081706461e-16  -1.3945550444e-16  1.1275702594e-15  
0 0.0000000000e+00  7.0000000000e+00  0.0000000000e+00  2.2204460493e-16  6.6613381478e-16  4.7184478547e-16  
0 0.0000000000e+00  8.7500000000e+00  1.7500000000e+00  4.4408920985e-16  -6.2233204701e-17  2.8449465006e-16  
0 1.7500000000e+00  7.0000000000e+00  1.7500000000e+00  -5.5511151231e-17  2.9884677632e-16  -4.1720099597e-16  
0 1.7500000000e+00  8.7500000000e+00  0.0000000000e+00  6.6613381478e-16  -6.3967928177e-17  0.0000000000e+00  
0 8.7500000000e-01  7.8750000000e+00  8.7500000000e-01  -2.2204460493e-16  -1.7000290065e-16  2.2204460493e-16  
0 2.6250000000e+00  7.8750000000e+00  2.6250000000e+00  7.3639011555e-16  4.7448752826e-16  -2.9766770646e-16  
0 3.5000000000e+00  7.0000000000e+00  0.0000000000e+00  1.1535911115e-15  1.2401104449e-15  -4.4414341996e-16  
0 3.5000000000e+00  8.7500000000e+00  1.7500000000e+00  1.3062467774e-15  1.2317620882e-15  3.7470027081e-16  
0 4.3750000000e+00  7.8750000000e+00  8.7500000000e-01  8.0848956002e-16  -2.1719280020e-16  8.8817841970e-16  
0 1.7500000000e+00  5.2500000000e+00  3.5000000000e+00  3.3306690739e-16  1.6037247485e-15  3.8147653439e-16  
0 2.6250000000e+00  6.1250000000e+00  4.3750000000e+00  8.1532003371e-17  1.3552662681e-15  3.6312641262e-16  
0 0.0000000000e+00  7.0000000000e+00  3.5000000000e+00  -8.8817841970e-16  5.0737951167e-16  6.7350638955e-16  
0 1.7500000000e+00  8.7500000000e+00  3.5000000000e+00  8.1878948066e-16  1.7478152172e-15  1.0825758692e-15  
0 8.7500000000e-01  7.8750000000e+00  4.3750000000e+00  8.8817841970e-16  -2.0317948712e-16  9.7336960540e-16  
0 3.5000000000e+00  7.0000000000e+00  3.5000000000e+00  6.5138866523e-16  1.2574441271e-15  9.5361002081e-16  
0 4.3750000000e+00  7.8750000000e+00  4.3750000000e+00  1.5989813640e-15  5.4231792668e-16  1.4867664391e-15  
0 5.2500000000e+00  5.2500000000e+00  0.0000000000e+00  2.9514693640e-16  1.1259981662e-15  4.4408920985e-16  
0 6.1250000000e+00  6.1250000000e+00  8.7500000000e-01  1.3066669058e-15  5.4116596187e-16  8.8817841970e-16  
0 7.0000000000e+00  5.2500000000e+00  1.7500000000e+00  2.0627081857e-15  1.4074028401e-15  4.4408920985e-16  
0 8.7500000000e+00  5.2500000000e+00  0.0000000000e+00  5.4394422994e-16  3.9841719333e-16  0.0000000000e+00  
0 7.8750000000e+00  6.1250000000e+00  2.6250000000e+00  1.0862486041e-15  -8.0689036182e-16  -4.0158848469e-16  
0 5.2500000000e+00  7.0000000000e+00  1.7500000000e+00  1.5509241027e-15  1.8508415287e-15  6.5225602697e-16  
0 5.2500000000e+00  8.7500000000e+00  0.0000000000e+00  1.2213808524e-15  1.3991629036e-15  -8.8817841970e-16  
0 6.1250000000e+00  7.8750000000e+00  2.6250000000e+00  6.4290478323e-16  1.0153553345e-16  -6.4271504785e-16  
0 7.0000000000e+00  7.0000000000e+00  0.0000000000e+00  3.0498607112e-16  7.4658161597e-16  -6.6613381478e-16  
0 7.0000000000e+00  8.7500000000e+00  1.7500000000e+00  1.7524772866e-15  1.1653004950e-15  1.0547118734e-15  
0 8.7500000000e+00  7.0000000000e+00  1.7500000000e+00  1.6399642061e-15  1.9541931007e-15  6.8001160258e-16  
0 8.7500000000e+00  8.7500000000e+00  0.0000000000e+00  -8.9121418578e-17  1.5840193740e-16  -4.4408920985e-16  
0 7.8750000000e+00  7.8750000000e+00  8.7500000000e-01  1.1675502145e-16  1.8710618992e-16  6.6613381478e-16  
0 5.2500000000e+00  5.2500000000e+00  3.5000000000e+00  4.4238159143e-16  1.2991994633e-15  -9.5192950744e-16  
0 6.1250000000e+00  6.1250000000e+00  4.3750000000e+00  4.2128030665e-16  1.5651000461e-15  7.5492997270e-16  
0 8.7500000000e+00  5.2500000000e+00  3.5000000000e+00  8.9273206882e-16  1.2303526253e-15  5.6812193838e-16  
0 5.2500000000e+00  8.7500000000e+00  3.5000000000e+00  3.0242464349e-16  4.2067044292e-16  8.8817841970e-16  
0 7.0000000000e+00  7.0000000000e+00  3.5000000000e+00  1.2803072404e-16  2.1802492537e-15  2.2117724319e-16  
0 8.7500000000e+00  8.7500000000e+00  3.5000000000e+00  -6.0682795594e-16  4.5937646048e-16  -3.4087316303e-16  
0 7.8750000000e+00  7.8750000000e+00  4.3750000000e+00  2.6649689400e-16  -1.0151384941e-15  1.5547459153e-15  
0 9.6250000000e+00  6.1250000000e+00  8.7500000000e-01  -6.6483277217e-16  4.3361310636e-16  4.4408920985e-16  
0 1.0500000000e+01  5.2500000000e+00  1.7500000000e+00  1.4519635494e-15  8.3696341958e-16  2.7755575616e-17  
0 1.2250000000e+01  5.2500000000e+00  0.0000000000e+00  2.2204460493e-16  3.8857805862e-16  -2.2204460493e-16  
0 1.1375000000e+01  6.1250000000e+00  2.6250000000e+00  9.8532293435e-16  4.8467902868e-16  -2.2583931253e-16  
0 1.3125000000e+01  6.1250000000e+00  8.7500000000e-01  0.0000000000e+00  1.2559397966e-15  2.7755575616e-16  
0 9.6250000000e+00  7.8750000000e+00  2.6250000000e+00  5.4036636277e-16  1.0113844441e-15  -3.8857805862e-16  
0 1.0500000000e+01  7.0000000000e+00  0.0000000000e+00  -6.9388939039e-18  1.1309312861e-15  -8.8839526013e-16  
0 1.0500000000e+01  8.7500000000e+00  1.7500000000e+00  9.2374025096e-16  8.2243511047e-16  1.3877787808e-16  
0 1.2250000000e+01  7.0000000000e+00  1.7500000000e+00  -8.8817841970e-16  9.0308619957e-16  -7.5286998857e-16  
0 1.2250000000e+01  8.7500000000e+00  0.0000000000e+00  0.0000000000e+00  -5.1824863845e-17  2.2204460493e-16  
0 1.1375000000e+01  7.8750000000e+00  8.7500000000e-01  8.3266726847e-17  -5.1747614440e-16  8.8817841970e-16  
0 1.3125000000e+01  7.8750000000e+00  2.6250000000e+00  -8.8817841970e-16  4.6178881032e-16  1.0581813203e-15  
0 9.6250000000e+00  6.1250000000e+00  4.3750000000e+00  1.4354836764e-16  -4.8206339094e-17  1.0427314394e-16  
0 1.2250000000e+01  5.2500000000e+00  3.5000000000e+00  -2.2204460493e-16  1.1261201390e-15  1.0409425058e-15  
0 1.3125000000e+01  6.1250000000e+00  4.3750000000e+00  1.3322676296e-15  3.3987027602e-16  6.0327719383e-16  
0 1.0500000000e+01  7.0000000000e+00  3.5000000000e+00  1.8301332672e-16  1.2927755654e-15  3.1829465279e-16  
0 1.2250000000e+01  8.7500000000e+00  3.5000000000e+00  0.0000000000e+00  9.2975757301e-16  5.1087606368e-16  
0 1.1375000000e+01  7.8750000000e+00  4.3750000000e+00  -1.3877787808e-17  3.2217067555e-16  1.3711362774e-15  
0 8.7500000000e-01  9.6250000000e+00  2.6250000000e+00  0.0000000000e+00  -2.4123498338e-16  1.7550522667e-17  
0 2.6250000000e+00  9.6250000000e+00  8.7500000000e-01  -7.6067624422e-16  -1.9762295099e-16  1.3322676296e-15  
0 4.3750000000e+00  9.6250000000e+00  2.6250000000e+00  -8.1163374632e-16  1.0538445117e-16  -4.2240516640e-16  
0 0.0000000000e+00  1.0500000000e+01  0.0000000000e+00  4.4408920985e-16  -8.6866278060e-16  9.1582557510e-16  
0 0.0000000000e+00  1.2250000000e+01  1.7500000000e+00  4.4408920985e-16  3.3306690739e-16  -1.9428902931e-16  
0 1.7500000000e+00  1.0500000000e+01  1.7500000000e+00  3.1918911958e-16  1.7054500173e-16  -3.0532488430e-16  
0 1.7500000000e+00  1.2250000000e+01  0.0000000000e+00  6.8001160258e-16  -6.6960326173e-16  3.3176586478e-16  
0 8.7500000000e-01  1.1375000000e+01  8.7500000000e-01  0.0000000000e+00  4.0419056990e-16  5.5511151231e-16  
0 8.7500000000e-01  1.3125000000e+01  2.6250000000e+00  -2.2204460493e-16  -1.6653345369e-16  9.5756735874e-16  
0 2.6250000000e+00  1.1375000000e+01  2.6250000000e+00  9.7144514655e-16  3.3312111750e-16  9.8151467422e-16  
0 2.6250000000e+00  1.3125000000e+01  8.7500000000e-01  1.0972125986e-15  6.6635065521e-16  -4.9960036108e-16  
0 3.5000000000e+00  1.0500000000e+01  0.0000000000e+00  4.8138576458e-17  1.1925952847e-15  4.4425184018e-16  
0 3.5000000000e+00  1.2250000000e+01  1.7500000000e+00  9.8315453001e-16  2.2204460493e-16  -4.3193259299e-16  
0 4.3750000000e+00  1.1375000000e+01  8.7500000000e-01  -5.1282762759e-17  1.2490009027e-16  0.0000000000e+00  
0 4.3750000000e+00  1.3125000000e+01  2.6250000000e+00  1.2261242369e-15  4.4408920985e-16  5.7354294924e-16  
0 2.6250000000e+00  9.6250000000e+00  4.3750000000e+00  4.3801767768e-16  2.2808903204e-16  8.3200319464e-16  
0 0.0000000000e+00  1.0500000000e+01  3.5000000000e+00  -1.3322676296e-15  1.7551064768e-15  -2.2746561579e-16  
0 1.7500000000e+00  1.2250000000e+01  3.5000000000e+00  7.0776717820e-16  2.2074356232e-16  1.9572559719e-16  
0 8.7500000000e-01  1.1375000000e+01  4.3750000000e+00  4.4408920985e-16  8.9338259013e-17  9.7158067182e-17  
0 2.6250000000e+00  1.3125000000e+01  4.3750000000e+00  9.9139446652e-16  -4.4387236942e-16  8.8151057634e-16  
0 3.5000000000e+00  1.0500000000e+01  3.5000000000e+00  7.3118594512e-16  1.5673091080e-15  -5.7652450522e-17  
0 4.3750000000e+00  1.1375000000e+01  4.3750000000e+00  9.0053832447e-16  8.6042284408e-16  6.7274744803e-16  
0 6.1250000000e+00  9.6250000000e+00  8.7500000000e-01  5.1137750718e-16  9.6624097612e-16  4.4408920985e-16  
0 7.8750000000e+00  9.6250000000e+00  2.6250000000e+00  -5.1652746750e-16  8.2052420414e-16  -3.2959746044e-17  
0 5.2500000000e+00  1.0500000000e+01  1.7500000000e+00  8.0571129196e-16  6.4444977133e-16  8.0491169285e-16  
0 5.2500000000e+00  1.2250000000e+01  0.0000000000e+00  2.9837243787e-16  4.4408920985e-16  -2.2204460493e-16  
0 6.1250000000e+00  1.1375000000e+01  2.6250000000e+00  7.8292949381e-16  1.1241008124e-15  4.7065216308e-16  
0 6.1250000000e+00  1.3125000000e+01  8.7500000000e-01  1.2143064332e-15  6.6613381478e-16  2.7755575616e-16  
0 7.0000000000e+00  1.0500000000e+01  0.0000000000e+00  6.7453638161e-16  -2.2030988145e-16  -8.8796157927e-16  
0 7.0000000000e+00  1.2250000000e+01  1.7500000000e+00  4.4013187192e-16  0.0000000000e+00  -7.3812483903e-16  
0 8.7500000000e+00  1.0500000000e+01  1.7500000000e+00  9.1018772380e-16  8.6302492930e-16  6.2450045135e-16  
0 8.7500000000e+00  1.2250000000e+01  0.0000000000e+00  1.0776969595e-16  -4.4408920985e-16  -4.4408920985e-16  
0 7.8750000000e+00  1.1375000000e+01  8.7500000000e-01  8.0552155658e-16  9.0205620751e-16  8.8817841970e-16  
0 7.8750000000e+00  1.3125000000e+01  2.6250000000e+00  5.4673605053e-16  -8.8817841970e-16  1.0034291106e-15  
0 6.1250000000e+00  9.6250000000e+00  4.3750000000e+00  -3.3400203176e-16  4.1850203858e-16  -3.0059505232e-17  
0 5.2500000000e+00  1.2250000000e+01  3.5000000000e+00  1.0785507687e-15  -2.2204460493e-16  9.4748427854e-16  
0 6.1250000000e+00  1.3125000000e+01  4.3750000000e+00  3.7976891597e-16  1.3322676296e-15  7.3511617800e-16  
0 7.0000000000e+00  1.0500000000e+01  3.5000000000e+00  1.3476633004e-16  5.4643789493e-16  4.2633539928e-16  
0 8.7500000000e+00  1.2250000000e+01  3.5000000000e+00  8.2659573630e-16  -2.2204460493e-16  4.8312048806e-16  
0 7.8750000000e+00  1.1375000000e+01  4.3750000000e+00  -7.5514681314e-17  1.5265566589e-16  1.3533553618e-15  
0 9.6250000000e+00  9.6250000000e+00  8.7500000000e-01  8.7083118494e-16  1.7863314994e-15  0.0000000000e+00  
0 1.1375000000e+01  9.6250000000e+00  2.6250000000e+00  9.5756735874e-16  1.0301004841e-15  -8.5271145613e-16  
0 1.3125000000e+01  9.6250000000e+00  8.7500000000e-01  1.7763568394e-15  4.5991856157e-16  -3.8859161115e-16  
0 9.6250000000e+00  1.1375000000e+01  2.6250000000e+00  9.4976110310e-16  -6.2450045135e-16  -6.4888144771e-16  
0 9.6250000000e+00  1.3125000000e+01  8.7500000000e-01  3.3480163086e-16  2.2203918391e-15  -5.5512506484e-16  
0 1.0500000000e+01  1.0500000000e+01  0.0000000000e+00  1.3348697148e-15  3.9361959872e-16  0.0000000000e+00  
0 1.0500000000e+01  1.2250000000e+01  1.7500000000e+00  9.4542429441e-17  -4.4387236942e-16  1.7864941297e-16  
0 1.2250000000e+01  1.0500000000e+01  1.7500000000e+00  -2.2204460493e-16  1.0347625534e-15  -3.4783916199e-16  
0 1.2250000000e+01  1.2250000000e+01  0.0000000000e+00  1.1102230246e-15  3.3306690739e-16  1.6861512186e-15  
0 1.1375000000e+01  1.1375000000e+01  8.7500000000e-01  2.2204460493e-16  1.5265566589e-16  1.3813819880e-15  
0 1.1375000000e+01  1.3125000000e+01  2.6250000000e+00  1.3183898417e-15  -4.4235448637e-16  1.0477729795e-15  
0 1.3125000000e+01  1.1375000000e+01  2.6250000000e+00  4.4408920985e-16  1.0338951917e-15  1.6601303665e-15  
0 1.3125000000e+01  1.3125000000e+01  8.7500000000e-01  6.6613381478e-16  2.2204460493e-16  -3.9968028887e-15  
0 9.6250000000e+00  9.6250000000e+00  4.3750000000e+00  1.9645743365e-16  1.3084016292e-15  5.4074583353e-16  
0 1.3125000000e+01  9.6250000000e+00  4.3750000000e+00  4.4408920985e-16  -9.1723503792e-17  8.5272500866e-16  
0 9.6250000000e+00  1.3125000000e+01  4.3750000000e+00  -3.0357660830e-17  4.4403499974e-16  8.0762219828e-16  
0 1.0500000000e+01  1.0500000000e+01  3.5000000000e+00  1.1449174941e-16  1.3080357110e-15  9.6624097612e-16  
0 1.2250000000e+01  1.2250000000e+01  3.5000000000e+00  2.2204460493e-16  -3.8857805862e-16  1.0443035325e-15  
0 1.1375000000e+01  1.1375000000e+01  4.3750000000e+00  -6.9388939039e-17  -2.0383000843e-16  1.3114509478e-15  
0 1.3125000000e+01  1.3125000000e+01  4.3750000000e+00  1.3322676296e-15  2.0261570199e-15  8.8817841970e-16  
0 0.0000000000e+00  1.7500000000e+00  5.2500000000e+00  0.0000000000e+00  6.8695049649e-16  -3.1571967263e-16  
0 1.7500000000e+00  0.0000000000e+00  5.2500000000e+00  4.5796699766e-16  8.8817841970e-16  3.0704605525e-16  
0 8.7500000000e-01  2.6250000000e+00  6.1250000000e+00  -4.4408920985e-16  2.5370330836e-16  1.7047994960e-15  
0 2.6250000000e+00  8.7500000000e-01  6.1250000000e+00  1.5222198502e-15  4.4408920985e-16  8.0838113981e-16  
0 3.5000000000e+00  1.7500000000e+00  5.2500000000e+00  1.1275702594e-16  8.3266726847e-17  4.3580861576e-16  
0 4.3750000000e+00  2.6250000000e+00  6.1250000000e+00  1.4174859203e-15  1.4519635494e-15  3.0485054585e-16  
0 1.7500000000e+00  3.5000000000e+00  5.2500000000e+00  2.3592239273e-16  2.9354773820e-16  9.2348275294e-16  
0 2.6250000000e+00  4.3750000000e+00  6.1250000000e+00  2.2985086057e-16  4.7485344649e-16  3.9302328753e-17  
0 0.0000000000e+00  0.0000000000e+00  7.0000000000e+00  0.0000000000e+00  5.5511151231e-16  8.8817841970e-16  
0 0.0000000000e+00  1.7500000000e+00  8.7500000000e+00  6.6613381478e-16  1.3877787808e-17  1.1622647289e-16  
0 1.7500000000e+00  0.0000000000e+00  8.7500000000e+00  1.3877787808e-16  0.0000000000e+00  2.3939183968e-16  
0 1.7500000000e+00  1.7500000000e+00  7.0000000000e+00  4.3021142204e-16  -6.2189836614e-16  1.1947907941e-16  
0 8.7500000000e-01  8.7500000000e-01  7.8750000000e+00  0.0000000000e+00  -4.4408920985e-16  -3.4694469520e-18  
0 2.6250000000e+00  2.6250000000e+00  7.8750000000e+00  8.4481033280e-16  -3.4689048509e-16  -4.1649626456e-16  
0 3.5000000000e+00  0.0000000000e+00  7.0000000000e+00  1.0525434690e-15  -4.4414341996e-16  1.5315439889e-15  
0 3.5000000000e+00  1.7500000000e+00  8.7500000000e+00  1.3652273756e-15  8.7430063189e-16  1.1402418723e-15  
0 4.3750000000e+00  8.7500000000e-01  7.8750000000e+00  4.4907653984e-16  1.3322676296e-15  5.5023260254e-18  
0 0.0000000000e+00  3.5000000000e+00  7.0000000000e+00  -4.4408920985e-16  1.5738278736e-15  1.5029210515e-15  
0 1.7500000000e+00  3.5000000000e+00  8.7500000000e+00  7.6327832943e-16  1.4559750974e-15  1.6279160095e-15  
0 8.7500000000e-01  4.3750000000e+00  7.8750000000e+00  1.3322676296e-15  4.6899875476e-16  -1.7558654183e-16  
0 3.5000000000e+00  3.5000000000e+00  7.0000000000e+00  7.8062556419e-16  8.9036037657e-16  3.4377340384e-16  
0 4.3750000000e+00  4.3750000000e+00  7.8750000000e+00  6.6884432021e-16  7.3053542382e-16  7.8967865233e-16  
0 5.2500000000e+00  0.0000000000e+00  5.2500000000e+00  3.4762232155e-16  4.4408920985e-16  1.1481158906e-15  
0 6.1250000000e+00  8.7500000000e-01  6.1250000000e+00  1.2814863103e-15  8.8817841970e-16  6.7721978199e-16  
0 7.0000000000e+00  1.7500000000e+00  5.2500000000e+00  2.0730352114e-15  8.3266726847e-17  7.9233494765e-16  
0 8.7500000000e+00  0.0000000000e+00  5.2500000000e+00  5.1336972867e-16  0.0000000000e+00  4.9773011233e-16  
0 7.8750000000e+00  2.6250000000e+00  6.1250000000e+00  1.2689095651e-15  1.0208847656e-15  2.4771309136e-16  
0 5.2500000000e+00  3.5000000000e+00  5.2500000000e+00  5.8254182728e-16  -2.8666305441e-16  4.0440741034e-16  
0 6.1250000000e+00  4.3750000000e+00  6.1250000000e+00  3.1351061070e-16  1.8735013541e-16  2.5972063042e-16  
0 8.7500000000e+00  3.5000000000e+00  5.2500000000e+00  1.0051638341e-15  -1.7694179455e-16  -3.2851325826e-17  
0 5.2500000000e+00  0.0000000000e+00  8.7500000000e+00  1.1450530194e-15  0.0000000000e+00  1.0923065837e-15  
0 5.2500000000e+00  1.7500000000e+00  7.0000000000e+00  8.2632468576e-16  8.1878948066e-16  1.3084151818e-15  
0 6.1250000000e+00  2.6250000000e+00  7.8750000000e+00  1.2590568779e-15  -6.0108168443e-16  -3.1333442785e-17  
0 7.0000000000e+00  0.0000000000e+00  7.0000000000e+00  3.8481045607e-16  -4.4408920985e-16  1.7661924440e-15  
0 7.0000000000e+00  1.7500000000e+00  8.7500000000e+00  1.7138796892e-15  9.2981178312e-16  6.0449692127e-16  
0 8.7500000000e+00  0.0000000000e+00  8.7500000000e+00  -6.3729403699e-16  -4.4408920985e-16  6.4946420637e-16  
0 8.7500000000e+00  1.7500000000e+00  7.0000000000e+00  1.6938490541e-15  7.6327832943e-16  1.9385805895e-15  
0 7.8750000000e+00  8.7500000000e-01  7.8750000000e+00  -3.2551814976e-16  1.3322676296e-15  -3.7207108054e-16  
0 5.2500000000e+00  3.5000000000e+00  8.7500000000e+00  -3.4220131069e-17  1.7928367124e-15  7.4132323544e-17  
0 7.0000000000e+00  3.5000000000e+00  7.0000000000e+00  1.7557298931e-16  1.1804793254e-15  1.3072496644e-15  
0 8.7500000000e+00  3.5000000000e+00  8.7500000000e+00  -6.4108874459e-16  9.1159718663e-16  -1.4563545682e-16  
0 7.8750000000e+00  4.3750000000e+00  7.8750000000e+00  1.2468324984e-16  1.9079789831e-15  3.7567605277e-17  
0 9.6250000000e+00  8.7500000000e-01  6.1250000000e+00  -3.7686867516e-16  4.4408920985e-16  6.0444271116e-18  
0 1.0500000000e+01  1.7500000000e+00  5.2500000000e+00  1.4077281008e-15  1.9428902931e-16  6.6514448029e-16  
0 1.2250000000e+01  0.0000000000e+00  5.2500000000e+00  2.2204460493e-16  2.2204460493e-16  2.2204460493e-16  
0 1.1375000000e+01  2.6250000000e+00  6.1250000000e+00  6.2450045135e-16  8.6194072713e-16  7.1840591202e-16  
0 1.3125000000e+01  8.7500000000e-01  6.1250000000e+00  6.6613381478e-16  2.2204460493e-16  1.1379786002e-15  
0 9.6250000000e+00  4.3750000000e+00  6.1250000000e+00  1.5525775110e-16  1.4801799109e-15  8.0367841288e-16  
0 1.2250000000e+01  3.5000000000e+00  5.2500000000e+00  -2.2204460493e-16  -3.3512689152e-16  -8.7833928498e-17  
0 1.3125000000e+01  4.3750000000e+00  6.1250000000e+00  8.8817841970e-16  -1.5823930707e-16  -9.7442670252e-17  
0 9.6250000000e+00  2.6250000000e+00  7.8750000000e+00  5.3256010712e-16  -4.4320829558e-16  -1.9163273399e-16  
0 1.0500000000e+01  0.0000000000e+00  7.0000000000e+00  1.0495077030e-16  -8.8839526013e-16  9.6439783243e-16  
0 1.0500000000e+01  1.7500000000e+00  8.7500000000e+00  9.9746599869e-16  2.3592239273e-16  3.7227436845e-16  
0 1.2250000000e+01  0.0000000000e+00  8.7500000000e+00  -2.2204460493e-16  2.2204460493e-15  -4.8572257327e-17  
0 1.2250000000e+01  1.7500000000e+00  7.0000000000e+00  -1.1102230246e-15  -8.3700407716e-16  7.9431361662e-16  
0 1.1375000000e+01  8.7500000000e-01  7.8750000000e+00  1.3877787808e-16  1.7772242011e-15  -5.5432546574e-16  
0 1.3125000000e+01  2.6250000000e+00  7.8750000000e+00  -8.8817841970e-16  3.8695175536e-16  5.0412690515e-16  
0 1.0500000000e+01  3.5000000000e+00  7.0000000000e+00  8.8470897275e-17  4.4909009237e-16  4.0280821213e-16  
0 1.2250000000e+01  3.5000000000e+00  8.7500000000e+00  -4.4408920985e-16  1.1817803680e-15  1.1324898267e-15  
0 1.1375000000e+01  4.3750000000e+00  7.8750000000e+00  4.1633363423e-16  1.4413925782e-15  -8.3928090172e-16  
0 0.0000000000e+00  5.2500000000e+00  5.2500000000e+00  4.4408920985e-16  3.5607909850e-16  1.0540071420e-15  
0 8.7500000000e-01  6.1250000000e+00  6.1250000000e+00  8.8817841970e-16  1.3953275384e-15  6.4209163160e-16  
0 3.5000000000e+00  5.2500000000e+00  5.2500000000e+00  1.2004286454e-15  4.0309281520e-16  9.1528347401e-16  
0 4.3750000000e+00  6.1250000000e+00  6.1250000000e+00  2.0046898169e-16  9.0682669707e-16  -9.8933448239e-17  
0 0.0000000000e+00  8.7500000000e+00  5.2500000000e+00  -1.3322676296e-15  8.3041754896e-16  1.0698364937e-16  
0 1.7500000000e+00  7.0000000000e+00  5.2500000000e+00  1.5265566589e-16  1.8365165074e-15  -2.0317948712e-16  
0 2.6250000000e+00  7.8750000000e+00  6.1250000000e+00  -3.2265856653e-16  1.2273439643e-15  -2.1914436411e-16  
0 3.5000000000e+00  8.7500000000e+00  5.2500000000e+00  8.3787143890e-16  8.5281987635e-16  2.8883145875e-16  
0 0.0000000000e+00  5.2500000000e+00  8.7500000000e+00  0.0000000000e+00  1.1519919133e-15  1.0809224609e-15  
0 1.7500000000e+00  5.2500000000e+00  7.0000000000e+00  6.6613381478e-16  9.1727569550e-16  1.4172148698e-15  
0 2.6250000000e+00  6.1250000000e+00  7.8750000000e+00  -3.8771069688e-16  -5.2818264085e-16  8.9744834827e-17  
0 3.5000000000e+00  5.2500000000e+00  8.7500000000e+00  4.1546627250e-16  -4.2920853503e-17  -8.1667528642e-17  
0 0.0000000000e+00  7.0000000000e+00  7.0000000000e+00  -4.4408920985e-16  5.6869114452e-16  1.7870091257e-15  
0 0.0000000000e+00  8.7500000000e+00  8.7500000000e+00  0.0000000000e+00  3.9248118644e-17  7.0307800380e-16  
0 1.7500000000e+00  7.0000000000e+00  8.7500000000e+00  7.7715611724e-16  1.6550888264e-15  7.2039813351e-16  
0 1.7500000000e+00  8.7500000000e+00  7.0000000000e+00  5.9674487574e-16  6.1903878291e-16  2.0500636778e-15  
0 8.7500000000e-01  7.8750000000e+00  7.8750000000e+00  -4.4408920985e-16  1.7203577972e-16  1.3181187912e-16  
0 3.5000000000e+00  7.0000000000e+00  7.0000000000e+00  2.1510571102e-16  1.0090534094e-15  2.2663349062e-15  
0 3.5000000000e+00  8.7500000000e+00  8.7500000000e+00  1.2195106036e-15  -5.4265673986e-16  6.7735530726e-17  
0 4.3750000000e+00  7.8750000000e+00  7.8750000000e+00  2.6963023828e-15  -1.6566609196e-16  -3.3209112543e-16  
0 7.0000000000e+00  5.2500000000e+00  5.2500000000e+00  7.8710367217e-16  -3.4163210455e-16  7.2091312954e-16  
0 7.8750000000e+00  6.1250000000e+00  6.1250000000e+00  5.4971760650e-16  -1.4203048460e-17  1.6912469689e-15  
0 5.2500000000e+00  7.0000000000e+00  5.2500000000e+00  1.5429958743e-15  -3.4076474281e-16  1.4278129460e-15  
0 6.1250000000e+00  7.8750000000e+00  6.1250000000e+00  -2.0712327253e-16  2.7449288502e-16  1.1445922335e-15  
0 7.0000000000e+00  8.7500000000e+00  5.2500000000e+00  4.7508383946e-16  7.7455403202e-16  9.5412501684e-16  
0 8.7500000000e+00  7.0000000000e+00  5.2500000000e+00  5.5044944297e-16  8.3022781358e-17  6.0544559817e-16  
0 5.2500000000e+00  5.2500000000e+00  7.0000000000e+00  1.3090250455e-15  6.5374680495e-16  -1.1577923949e-15  
0 6.1250000000e+00  6.1250000000e+00  7.8750000000e+00  4.6031158486e-16  1.3531927315e-15  1.8621172312e-17  
0 7.0000000000e+00  5.2500000000e+00  8.7500000000e+00  3.8856450609e-16  -3.2176409974e-16  -1.1646499737e-15  
0 8.7500000000e+00  5.2500000000e+00  7.0000000000e+00  9.7968508306e-16  8.8782605399e-16  -1.0308052155e-16  
0 5.2500000000e+00  7.0000000000e+00  8.7500000000e+00  2.1955093993e-17  -1.4728886513e-16  -2.3950025990e-16  
0 5.2500000000e+00  8.7500000000e+00  7.0000000000e+00  2.5787748673e-16  6.3653509547e-16  -5.7750028717e-16  
0 7.0000000000e+00  7.0000000000e+00  7.0000000000e+00  -1.4308758171e-16  1.4750299506e-15  1.2731515061e-15  
0 7.0000000000e+00  8.7500000000e+00  8.7500000000e+00  -2.1060627201e-17  6.7762635780e-17  1.7921861911e-16  
0 8.7500000000e+00  7.0000000000e+00  8.7500000000e+00  -1.0329194097e-15  3.3149481424e-17  2.7029160160e-16  
0 8.7500000000e+00  8.7500000000e+00  7.0000000000e+00  -8.5597761518e-16  2.5988326074e-16  -6.3995033231e-17  
0 7.8750000000e+00  7.8750000000e+00  7.8750000000e+00  2.0274580625e-16  -3.2450171022e-16  -6.0194904616e-16  
0 1.0500000000e+01  5.2500000000e+00  5.2500000000e+00  -4.1026210207e-16  2.9357484325e-16  5.7698529114e-16  
0 1.1375000000e+01  6.1250000000e+00  6.1250000000e+00  7.6327832943e-16  7.5692219419e-16  1.4782554521e-15  
0 9.6250000000e+00  7.8750000000e+00  6.1250000000e+00  -9.2070448487e-16  -6.1799523832e-16  -3.7987733618e-17  
0 1.0500000000e+01  8.7500000000e+00  5.2500000000e+00  7.1036926341e-16  1.8851565274e-16  5.6660405534e-16  
0 1.2250000000e+01  7.0000000000e+00  5.2500000000e+00  8.8817841970e-16  1.3978483085e-15  8.2337023484e-16  
0 1.3125000000e+01  7.8750000000e+00  6.1250000000e+00  -4.4408920985e-16  4.8230733643e-16  1.0373104285e-16  
0 9.6250000000e+00  6.1250000000e+00  7.8750000000e+00  -1.6683703030e-15  -2.3712856765e-16  -2.7836890779e-17  
0 1.0500000000e+01  5.2500000000e+00  8.7500000000e+00  6.0108168443e-16  -4.3064510291e-16  -1.1962273620e-15  
0 1.2250000000e+01  5.2500000000e+00  7.0000000000e+00  -4.4408920985e-16  9.3596463045e-16  1.0447101084e-15  
0 1.3125000000e+01  6.1250000000e+00  7.8750000000e+00  -2.2204460493e-16  1.4134472672e-15  1.3276055602e-16  
0 1.0500000000e+01  7.0000000000e+00  7.0000000000e+00  5.2215176627e-16  8.6423110422e-16  1.0539258268e-15  
0 1.0500000000e+01  8.7500000000e+00  8.7500000000e+00  9.3067914486e-16  -1.2901192701e-15  -2.0765182109e-16  
0 1.2250000000e+01  7.0000000000e+00  8.7500000000e+00  -1.5543122345e-15  1.8276124971e-15  2.7861285327e-16  
0 1.2250000000e+01  8.7500000000e+00  7.0000000000e+00  2.2204460493e-16  2.0835655250e-16  7.4514504809e-16  
0 1.1375000000e+01  7.8750000000e+00  7.8750000000e+00  3.7470027081e-16  -1.6263032587e-19  -1.4002471058e-16  
0 8.7500000000e-01  9.6250000000e+00  6.1250000000e+00  4.4408920985e-16  -5.4492001189e-16  7.7818610930e-17  
0 4.3750000000e+00  9.6250000000e+00  6.1250000000e+00  9.9714073803e-16  9.8228716827e-16  1.2482013036e-15  
0 0.0000000000e+00  1.2250000000e+01  5.2500000000e+00  1.3322676296e-15  9.9920072216e-16  -2.2204460493e-16  
0 1.7500000000e+00  1.0500000000e+01  5.2500000000e+00  -1.8041124150e-16  5.0198560586e-17  2.3634252107e-16  
0 8.7500000000e-01  1.3125000000e+01  6.1250000000e+00  -4.4408920985e-16  1.1102230246e-15  7.9103390505e-16  
0 2.6250000000e+00  1.1375000000e+01  6.1250000000e+00  6.8001160258e-16  4.1644205445e-16  1.3376479828e-15  
0 3.5000000000e+00  1.2250000000e+01  5.2500000000e+00  -3.6255720648e-16  -2.2209881503e-16  2.3188373964e-17  
0 4.3750000000e+00  1.3125000000e+01  6.1250000000e+00  9.1072982489e-18  8.8817841970e-16  -1.3820867194e-16  
0 2.6250000000e+00  9.6250000000e+00  7.8750000000e+00  -4.2240516640e-16  6.3290301819e-17  -1.6235927533e-16  
0 0.0000000000e+00  1.0500000000e+01  7.0000000000e+00  -8.8817841970e-16  -4.1633363423e-17  7.5709837705e-16  
0 0.0000000000e+00  1.2250000000e+01  8.7500000000e+00  2.2204460493e-15  4.4408920985e-16  1.1796119637e-16  
0 1.7500000000e+00  1.0500000000e+01  8.7500000000e+00  4.4408920985e-16  1.1568437180e-15  8.3154240871e-16  
0 1.7500000000e+00  1.2250000000e+01  7.0000000000e+00  5.6898930012e-16  -1.5543122345e-15  8.3334489483e-16  
0 8.7500000000e-01  1.1375000000e+01  7.8750000000e+00  -4.4408920985e-16  5.6291776795e-16  2.5497724591e-16  
0 2.6250000000e+00  1.3125000000e+01  7.8750000000e+00  2.9750507613e-16  -8.8796157927e-16  2.1280178140e-16  
0 3.5000000000e+00  1.0500000000e+01  7.0000000000e+00  7.8062556419e-18  9.7406078429e-16  9.3753672360e-16  
0 3.5000000000e+00  1.2250000000e+01  8.7500000000e+00  7.9667175634e-16  -4.4414341996e-16  1.1324898267e-15  
0 4.3750000000e+00  1.1375000000e+01  7.8750000000e+00  7.6826565942e-16  2.6367796835e-16  -4.9927510043e-16  
0 7.8750000000e+00  9.6250000000e+00  6.1250000000e+00  1.8718750508e-16  9.9443023260e-16  -6.5038577822e-17  
0 5.2500000000e+00  1.0500000000e+01  5.2500000000e+00  3.1363258345e-16  7.3118594512e-16  5.5519282748e-16  
0 6.1250000000e+00  1.1375000000e+01  6.1250000000e+00  1.6789277217e-15  1.3877787808e-16  5.6405618024e-16  
0 7.0000000000e+00  1.2250000000e+01  5.2500000000e+00  1.3028179880e-15  -4.4408920985e-16  1.2453417204e-15  
0 8.7500000000e+00  1.0500000000e+01  5.2500000000e+00  5.4936524080e-16  -3.9985376121e-16  6.2200678635e-16  
0 7.8750000000e+00  1.3125000000e+01  6.1250000000e+00  5.6557406328e-16  -4.4408920985e-16  2.0607972794e-16  
0 6.1250000000e+00  9.6250000000e+00  7.8750000000e+00  -9.7171619709e-18  9.5062846484e-16  -9.2593576036e-16  
0 5.2500000000e+00  1.0500000000e+01  8.7500000000e+00  3.2222488566e-16  4.6490589156e-16  -1.5503277915e-15  
0 5.2500000000e+00  1.2250000000e+01  7.0000000000e+00  7.7571954936e-16  -4.4408920985e-16  1.0663941518e-15  
0 6.1250000000e+00  1.3125000000e+01  7.8750000000e+00  1.3856916916e-15  -2.2204460493e-16  4.9493829174e-17  
0 7.0000000000e+00  1.0500000000e+01  7.0000000000e+00  -5.2461832621e-17  -6.5052130349e-17  7.7799637392e-16  
0 7.0000000000e+00  1.2250000000e+01  8.7500000000e+00  1.3869927342e-15  0.0000000000e+00  3.6751743142e-16  
0 8.7500000000e+00  1.0500000000e+01  8.7500000000e+00  -1.0125364089e-15  7.2945122165e-16  8.4749373318e-16  
0 8.7500000000e+00  1.2250000000e+01  7.0000000000e+00  9.3631699616e-16  2.2204460493e-16  6.9050125860e-16  
0 7.8750000000e+00  1.1375000000e+01  7.8750000000e+00  2.1364203809e-16  2.6367796835e-16  -4.5915962005e-17  
0 1.1375000000e+01  9.6250000000e+00  6.1250000000e+00  5.4123372450e-16  1.6366573895e-15  5.1194671332e-16  
0 9.6250000000e+00  1.1375000000e+01  6.1250000000e+00  -1.1232334507e-16  -4.9960036108e-16  8.1508964075e-16  
0 1.0500000000e+01  1.2250000000e+01  5.2500000000e+00  3.8684333514e-16  2.1684043450e-19  1.3751749305e-15  
0 1.2250000000e+01  1.0500000000e+01  5.2500000000e+00  0.0000000000e+00  2.4828229750e-16  6.5385522517e-16  
0 1.1375000000e+01  1.3125000000e+01  6.1250000000e+00  8.3266726847e-17  -4.4408920985e-16  4.6837533851e-16  
0 1.3125000000e+01  1.1375000000e+01  6.1250000000e+00  1.5543122345e-15  6.0368376964e-16  1.3530843113e-16  
0 9.6250000000e+00  9.6250000000e+00  7.8750000000e+00  2.1206994494e-16  1.4055461439e-15  4.4354710876e-16  
0 1.3125000000e+01  9.6250000000e+00  7.8750000000e+00  0.0000000000e+00  -5.9869643965e-16  5.4226371657e-16  
0 9.6250000000e+00  1.3125000000e+01  7.8750000000e+00  -4.2413988988e-16  0.0000000000e+00  3.9351117850e-16  
0 1.0500000000e+01  1.0500000000e+01  7.0000000000e+00  1.4120649094e-15  1.7465954898e-15  7.7420166632e-16  
0 1.0500000000e+01  1.2250000000e+01  8.7500000000e+00  7.3552275381e-16  4.4430605028e-16  1.0534921459e-15  
0 1.2250000000e+01  1.0500000000e+01  8.7500000000e+00  -8.8817841970e-16  6.8955258170e-17  1.2200255996e-15  
0 1.2250000000e+01  1.2250000000e+01  7.0000000000e+00  -2.2204460493e-16  -1.1102230246e-15  -6.9388939039e-18  
0 1.1375000000e+01  1.1375000000e+01  7.8750000000e+00  -3.6082248300e-16  6.8521577301e-17  -5.1868231932e-16  
0 1.3125000000e+01  1.3125000000e+01  7.8750000000e+00  1.5543122345e-15  8.0491169285e-16  1.7763568394e-15  
0 8.7500000000e-01  2.6250000000e+00  9.6250000000e+00  0.0000000000e+00  -6.6786853825e-16  -4.6037934749e-16  
0 2.6250000000e+00  8.7500000000e-01  9.6250000000e+00  -7.0776717820e-16  1.3322676296e-15  -2.3399793388e-16  
0 4.3750000000e+00  2.6250000000e+00  9.6250000000e+00  -7.2988490252e-16  1.0408340856e-17  2.4782151158e-16  
0 2.6250000000e+00  4.3750000000e+00  9.6250000000e+00  2.4286128664e-17  3.7619104880e-16  8.0553510910e-16  
0 0.0000000000e+00  0.0000000000e+00  1.0500000000e+01  2.2204460493e-16  6.1062266354e-16  2.2204460493e-16  
0 0.0000000000e+00  1.7500000000e+00  1.2250000000e+01  1.3322676296e-15  3.8163916471e-16  9.4542429441e-16  
0 1.7500000000e+00  0.0000000000e+00  1.2250000000e+01  4.9960036108e-16  1.7746221159e-15  4.4582393333e-16  
0 1.7500000000e+00  1.7500000000e+00  1.0500000000e+01  5.8286708793e-16  -5.5229258666e-16  5.5389178487e-16  
0 8.7500000000e-01  8.7500000000e-01  1.1375000000e+01  -2.2204460493e-16  1.6653345369e-16  4.0592529338e-16  
0 8.7500000000e-01  2.6250000000e+00  1.3125000000e+01  2.2204460493e-16  1.1184629611e-15  4.9970878130e-16  
0 2.6250000000e+00  8.7500000000e-01  1.3125000000e+01  7.0950190167e-16  -1.1102230246e-15  5.5619571449e-17  
0 2.6250000000e+00  2.6250000000e+00  1.1375000000e+01  1.1579279202e-15  8.3093254499e-16  7.0765875798e-16  
0 3.5000000000e+00  0.0000000000e+00  1.0500000000e+01  -3.5995512127e-17  8.8806999948e-16  1.2351095624e-15  
0 3.5000000000e+00  1.7500000000e+00  1.2250000000e+01  9.9356287087e-16  2.4980018054e-16  -4.7055729539e-16  
0 4.3750000000e+00  8.7500000000e-01  1.1375000000e+01  1.6165454392e-16  4.4408920985e-16  -1.0070069778e-15  
0 4.3750000000e+00  2.6250000000e+00  1.3125000000e+01  1.1880687406e-15  4.9786563761e-16  4.4430605028e-16  
0 0.0000000000e+00  3.5000000000e+00  1.0500000000e+01  8.8817841970e-16  6.2471729179e-16  1.1852362624e-15  
0 1.7500000000e+00  3.5000000000e+00  1.2250000000e+01  7.2164496601e-16  -1.3254371559e-16  1.9557651939e-16  
0 8.7500000000e-01  4.3750000000e+00  1.1375000000e+01  4.4408920985e-16  2.1250362581e-16  -9.5149582657e-16  
0 2.6250000000e+00  4.3750000000e+00  1.3125000000e+01  1.0460382560e-15  1.0324044137e-15  -4.4387236942e-16  
0 3.5000000000e+00  3.5000000000e+00  1.0500000000e+01  1.1939234323e-15  1.2220855838e-15  -3.8930989509e-16  
0 4.3750000000e+00  4.3750000000e+00  1.1375000000e+01  7.9949068199e-16  -1.4083786221e-16  6.2450045135e-16  
0 6.1250000000e+00  8.7500000000e-01  9.6250000000e+00  5.3723572899e-16  4.4408920985e-16  5.9696171617e-16  
0 7.8750000000e+00  2.6250000000e+00  9.6250000000e+00  -3.9872890146e-16  -7.2424705122e-16  7.6409148106e-17  
0 6.1250000000e+00  4.3750000000e+00  9.6250000000e+00  -2.7800298955e-16  1.2533377114e-16  1.8279648628e-15  
0 5.2500000000e+00  0.0000000000e+00  1.2250000000e+01  -1.3877787808e-16  1.7763568394e-15  1.0547118734e-15  
0 5.2500000000e+00  1.7500000000e+00  1.0500000000e+01  -5.5734767929e-16  -9.7144514655e-17  -8.4144930607e-16  
0 6.1250000000e+00  8.7500000000e-01  1.3125000000e+01  8.6736173799e-16  -1.3322676296e-15  6.6613381478e-16  
0 6.1250000000e+00  2.6250000000e+00  1.1375000000e+01  1.0656894204e-15  -4.5623227418e-16  6.1083950398e-16  
0 7.0000000000e+00  0.0000000000e+00  1.0500000000e+01  5.0908713009e-16  -8.8817841970e-16  9.3241386834e-17  
0 7.0000000000e+00  1.7500000000e+00  1.2250000000e+01  5.6242987698e-16  2.2204460493e-16  -1.3314002678e-15  
0 8.7500000000e+00  0.0000000000e+00  1.2250000000e+01  -1.3509159069e-16  2.6645352591e-15  7.2164496601e-16  
0 8.7500000000e+00  1.7500000000e+00  1.0500000000e+01  1.1578195000e-15  2.7755575616e-16  1.2435798918e-16  
0 7.8750000000e+00  8.7500000000e-01  1.1375000000e+01  5.4921616300e-16  8.8817841970e-16  4.8658993501e-16  
0 7.8750000000e+00  2.6250000000e+00  1.3125000000e+01  5.5378336465e-16  9.9659863695e-16  2.1684043450e-19  
0 5.2500000000e+00  3.5000000000e+00  1.2250000000e+01  1.1681058681e-15  3.4043948216e-16  -2.2209881503e-16  
0 6.1250000000e+00  4.3750000000e+00  1.3125000000e+01  3.8020259684e-16  8.0306854916e-16  1.3322676296e-15  
0 7.0000000000e+00  3.5000000000e+00  1.0500000000e+01  6.7556637368e-16  1.1358101959e-15  1.2819742013e-15  
0 8.7500000000e+00  3.5000000000e+00  1.2250000000e+01  1.3325928902e-15  3.1962280045e-16  -2.2209881503e-16  
0 7.8750000000e+00  4.3750000000e+00  1.1375000000e+01  -3.8218126580e-17  8.7408379146e-16  -8.0491169285e-16  
0 9.6250000000e+00  8.7500000000e-01  9.6250000000e+00  1.1076209394e-15  0.0000000000e+00  1.5289419036e-15  
0 1.1375000000e+01  2.6250000000e+00  9.6250000000e+00  9.0205620751e-16  -3.1452705024e-16  3.0673434712e-16  
0 1.3125000000e+01  8.7500000000e-01  9.6250000000e+00  2.6645352591e-15  -6.1062266354e-16  4.3715031595e-16  
0 9.6250000000e+00  4.3750000000e+00  9.6250000000e+00  -3.2699537522e-16  7.1530238330e-17  7.1986958495e-16  
0 1.3125000000e+01  4.3750000000e+00  9.6250000000e+00  1.7763568394e-15  6.3691456623e-16  -8.3266726847e-17  
0 9.6250000000e+00  8.7500000000e-01  1.3125000000e+01  -1.2316536679e-16  0.0000000000e+00  1.7208050306e-15  
0 9.6250000000e+00  2.6250000000e+00  1.1375000000e+01  3.6342456822e-16  -3.5575383785e-17  -4.5775015722e-16  
0 1.0500000000e+01  0.0000000000e+00  1.0500000000e+01  1.4649739755e-15  -2.1684043450e-19  6.7220534694e-16  
0 1.0500000000e+01  1.7500000000e+00  1.2250000000e+01  1.8735013541e-16  3.0531133177e-16  2.6332560264e-17  
0 1.2250000000e+01  0.0000000000e+00  1.2250000000e+01  4.4408920985e-16  2.1094237468e-15  4.9960036108e-16  
0 1.2250000000e+01  1.7500000000e+00  1.0500000000e+01  -2.2204460493e-16  -8.2919782152e-16  7.3813839156e-16  
0 1.1375000000e+01  8.7500000000e-01  1.1375000000e+01  2.6367796835e-16  1.1097893438e-15  9.7361355089e-17  
0 1.1375000000e+01  2.6250000000e+00  1.3125000000e+01  1.4294121442e-15  1.1288713020e-15  4.1819033045e-16  
0 1.3125000000e+01  8.7500000000e-01  1.3125000000e+01  0.0000000000e+00  -2.9976021665e-15  -6.7307270868e-16  
0 1.3125000000e+01  2.6250000000e+00  1.1375000000e+01  1.1102230246e-15  7.3335434947e-16  7.6300727889e-17  
0 9.6250000000e+00  4.3750000000e+00  1.3125000000e+01  9.5409791179e-17  6.8865811491e-16  4.4403499974e-16  
0 1.0500000000e+01  3.5000000000e+00  1.0500000000e+01  4.2413988988e-16  1.4579808714e-15  2.6114364577e-16  
0 1.2250000000e+01  3.5000000000e+00  1.2250000000e+01  4.4408920985e-16  5.6714615643e-16  -1.6654700622e-16  
0 1.1375000000e+01  4.3750000000e+00  1.1375000000e+01  1.2490009027e-16  1.0079285497e-15  -4.0158848469e-16  
0 1.3125000000e+01  4.3750000000e+00  1.3125000000e+01  1.3322676296e-15  8.4285876889e-16  2.0539125956e-15  
0 8.7500000000e-01  6.1250000000e+00  9.6250000000e+00  4.4408920985e-16  3.7830524303e-16  5.3104222408e-16  
0 4.3750000000e+00  6.1250000000e+00  9.6250000000e+00  9.5258002875e-16  2.8711028780e-16  1.3934166321e-15  
0 2.6250000000e+00  7.8750000000e+00  9.6250000000e+00  -7.2945122165e-16  -3.0119136352e-16  1.2291328979e-15  
0 0.0000000000e+00  5.2500000000e+00  1.2250000000e+01  1.1102230246e-15  -1.4571677198e-16  9.9920072216e-16  
0 1.7500000000e+00  5.2500000000e+00  1.0500000000e+01  -4.1633363423e-17  -9.6199903512e-16  -6.4542555328e-16  
0 8.7500000000e-01  6.1250000000e+00  1.3125000000e+01  -6.6613381478e-16  7.4940054162e-16  8.8817841970e-16  
0 2.6250000000e+00  6.1250000000e+00  1.1375000000e+01  1.1613973672e-15  1.8156727207e-15  2.3613923317e-16  
0 3.5000000000e+00  5.2500000000e+00  1.2250000000e+01  -3.9985376121e-16  3.1238575095e-17  -2.2209881503e-16  
0 4.3750000000e+00  6.1250000000e+00  1.3125000000e+01  -7.9797279895e-17  -2.8921092951e-17  8.8817841970e-16  
0 0.0000000000e+00  7.0000000000e+00  1.0500000000e+01  -8.8817841970e-16  3.8418703982e-16  5.0090140369e-17  
0 0.0000000000e+00  8.7500000000e+00  1.2250000000e+01  1.7763568394e-15  2.4502969098e-17  7.2164496601e-16  
0 1.7500000000e+00  7.0000000000e+00  1.2250000000e+01  8.3266726847e-17  2.6001878602e-16  -6.6526645304e-16  
0 1.7500000000e+00  8.7500000000e+00  1.0500000000e+01  2.6367796835e-16  9.1971515039e-16  2.6270218639e-16  
0 8.7500000000e-01  7.8750000000e+00  1.1375000000e+01  0.0000000000e+00  -6.4301320345e-16  8.6129020582e-16  
0 2.6250000000e+00  7.8750000000e+00  1.3125000000e+01  5.7939764098e-16  3.3569609766e-16  -8.8796157927e-16  
0 3.5000000000e+00  7.0000000000e+00  1.0500000000e+01  4.0072112295e-16  7.3102331480e-16  9.6538716691e-16  
0 3.5000000000e+00  8.7500000000e+00  1.2250000000e+01  9.2157184661e-16  1.3069921664e-15  -4.4414341996e-16  
0 4.3750000000e+00  7.8750000000e+00  1.1375000000e+01  9.7296302959e-16  -6.4716027676e-16  -6.3837823916e-16  
0 7.8750000000e+00  6.1250000000e+00  9.6250000000e+00  2.4687283467e-16  3.1481165331e-16  1.0152469143e-15  
0 6.1250000000e+00  7.8750000000e+00  9.6250000000e+00  1.8505975832e-16  -5.1364077922e-17  1.2004286454e-15  
0 5.2500000000e+00  5.2500000000e+00  1.0500000000e+01  3.9462248573e-16  2.5551934700e-16  -1.8908485888e-16  
0 6.1250000000e+00  6.1250000000e+00  1.1375000000e+01  1.2077334575e-15  3.7670604483e-16  7.9103390505e-16  
0 7.0000000000e+00  5.2500000000e+00  1.2250000000e+01  1.2694245611e-15  9.1878002602e-16  -4.4408920985e-16  
0 8.7500000000e+00  5.2500000000e+00  1.0500000000e+01  -4.2359778879e-16  3.7784445711e-16  -3.1918911958e-16  
0 7.8750000000e+00  6.1250000000e+00  1.3125000000e+01  5.3922795049e-16  1.7138525842e-16  -4.4408920985e-16  
0 5.2500000000e+00  7.0000000000e+00  1.2250000000e+01  3.5700067035e-16  9.7792325453e-16  0.0000000000e+00  
0 5.2500000000e+00  8.7500000000e+00  1.0500000000e+01  2.3841605773e-16  -1.1894782034e-15  -2.8449465006e-16  
0 6.1250000000e+00  7.8750000000e+00  1.3125000000e+01  1.4108451820e-15  1.7265919597e-16  -2.2204460493e-16  
0 7.0000000000e+00  7.0000000000e+00  1.0500000000e+01  6.5563060623e-16  1.4735120676e-15  6.3924560090e-16  
0 7.0000000000e+00  8.7500000000e+00  1.2250000000e+01  1.4156156716e-15  2.0794997668e-16  0.0000000000e+00  
0 8.7500000000e+00  7.0000000000e+00  1.2250000000e+01  1.4612876881e-15  1.7139881094e-15  0.0000000000e+00  
0 8.7500000000e+00  8.7500000000e+00  1.0500000000e+01  2.9197564505e-16  9.8120296610e-17  1.5959455979e-16  
0 7.8750000000e+00  7.8750000000e+00  1.1375000000e+01  4.4587814343e-16  -5.2600068398e-16  -3.8857805862e-16  
0 1.1375000000e+01  6.1250000000e+00  9.6250000000e+00  5.2735593670e-16  2.2138053109e-16  1.8855902083e-15  
0 9.6250000000e+00  7.8750000000e+00  9.6250000000e+00  1.0148132334e-16  8.2860151032e-17  5.4520461496e-16  
0 1.3125000000e+01  7.8750000000e+00  9.6250000000e+00  8.8817841970e-16  1.5997403055e-16  1.0408340856e-17  
0 9.6250000000e+00  6.1250000000e+00  1.1375000000e+01  -9.4325589006e-16  7.9253823556e-16  -5.6898930012e-16  
0 1.0500000000e+01  5.2500000000e+00  1.2250000000e+01  6.2710253657e-16  1.3823306649e-15  2.1684043450e-19  
0 1.2250000000e+01  5.2500000000e+00  1.0500000000e+01  0.0000000000e+00  7.7008169806e-16  -4.5514807201e-16  
0 1.1375000000e+01  6.1250000000e+00  1.3125000000e+01  -5.5511151231e-17  6.7654215563e-16  -4.4408920985e-16  
0 1.3125000000e+01  6.1250000000e+00  1.1375000000e+01  6.6613381478e-16  1.0026701691e-15  -1.4571677198e-16  
0 9.6250000000e+00  7.8750000000e+00  1.3125000000e+01  -4.0505793164e-16  1.9006064084e-16  0.0000000000e+00  
0 1.0500000000e+01  7.0000000000e+00  1.0500000000e+01  3.5301622736e-16  5.3003933707e-16  1.0089043316e-15  
0 1.0500000000e+01  8.7500000000e+00  1.2250000000e+01  8.1532003371e-16  1.0052180442e-15  4.4430605028e-16  
0 1.2250000000e+01  7.0000000000e+00  1.2250000000e+01  -4.4408920985e-16  9.6103680569e-16  -6.6613381478e-16  
0 1.2250000000e+01  8.7500000000e+00  1.0500000000e+01  -4.4408920985e-16  7.7574665441e-16  -1.4615045285e-16  
0 1.1375000000e+01  7.8750000000e+00  1.1375000000e+01  -2.9143354396e-16  -7.2809596893e-16  -4.4408920985e-16  
0 1.3125000000e+01  7.8750000000e+00  1.3125000000e+01  1.3322676296e-15  1.7763568394e-15  7.7715611724e-16  
0 8.7500000000e-01  9.6250000000e+00  9.6250000000e+00  0.0000000000e+00  1.4298458251e-15  1.4573845603e-15  
0 4.3750000000e+00  9.6250000000e+00  9.6250000000e+00  -3.5594357323e-16  8.3700407716e-17  8.6255059085e-16  
0 8.7500000000e-01  1.3125000000e+01  9.6250000000e+00  0.0000000000e+00  8.8817841970e-16  8.3266726847e-17  
0 2.6250000000e+00  1.1375000000e+01  9.6250000000e+00  -3.4260788651e-16  1.3888629830e-16  1.1914433199e-15  
0 4.3750000000e+00  1.3125000000e+01  9.6250000000e+00  5.8210814641e-16  1.7763568394e-15  -1.7954387976e-16  
0 8.7500000000e-01  9.6250000000e+00  1.3125000000e+01  2.2204460493e-16  7.1232082732e-17  2.1648942404e-15  
0 2.6250000000e+00  9.6250000000e+00  1.1375000000e+01  -6.7220534694e-16  4.4339803097e-16  -4.1611679380e-16  
0 4.3750000000e+00  9.6250000000e+00  1.3125000000e+01  4.8344574871e-16  -6.2450045135e-17  1.7763026293e-15  
0 0.0000000000e+00  1.0500000000e+01  1.0500000000e+01  0.0000000000e+00  8.4340086998e-16  6.7871055998e-16  
0 0.0000000000e+00  1.2250000000e+01  1.2250000000e+01  2.6645352591e-15  5.5511151231e-16  8.3266726847e-16  
0 1.7500000000e+00  1.0500000000e+01  1.2250000000e+01  4.1633363423e-17  1.3931997916e-16  -4.1862401132e-16  
0 1.7500000000e+00  1.2250000000e+01  1.0500000000e+01  5.5511151231e-16  -1.3305329061e-15  6.6484632470e-16  
0 8.7500000000e-01  1.1375000000e+01  1.1375000000e+01  0.0000000000e+00  -1.2316536679e-16  -4.6165328504e-16  
0 8.7500000000e-01  1.3125000000e+01  1.3125000000e+01  -3.3306690739e-15  5.5511151231e-16  -2.2898349883e-16  
0 2.6250000000e+00  1.1375000000e+01  1.3125000000e+01  1.0425688091e-15  5.2735593670e-16  4.1645560698e-16  
0 2.6250000000e+00  1.3125000000e+01  1.1375000000e+01  5.9327542878e-16  1.1104398651e-15  2.7105054312e-20  
0 3.5000000000e+00  1.0500000000e+01  1.0500000000e+01  1.8648277367e-17  3.0707316030e-16  4.4589169596e-16  
0 3.5000000000e+00  1.2250000000e+01  1.2250000000e+01  3.4174052477e-16  4.4403499974e-16  -3.8859161115e-16  
0 4.3750000000e+00  1.1375000000e+01  1.1375000000e+01  3.5561831258e-16  1.3877787808e-17  -2.4893281880e-16  
0 4.3750000000e+00  1.3125000000e+01  1.3125000000e+01  6.2081416397e-16  1.3322676296e-15  1.8873791419e-15  
0 7.8750000000e+00  9.6250000000e+00  9.6250000000e+00  -7.2180759633e-16  6.5659283566e-16  1.5706023721e-16  
0 6.1250000000e+00  1.1375000000e+01  9.6250000000e+00  1.9622704069e-16  1.3877787808e-17  4.7786210752e-16  
0 7.8750000000e+00  1.3125000000e+01  9.6250000000e+00  1.3221845493e-16  8.8817841970e-16  1.4094628242e-16  
0 6.1250000000e+00  9.6250000000e+00  1.1375000000e+01  6.6807182616e-16  -3.8467493080e-16  -7.7715611724e-16  
0 7.8750000000e+00  9.6250000000e+00  1.3125000000e+01  2.0697419473e-16  1.4875253807e-16  8.8817841970e-16  
0 5.2500000000e+00  1.0500000000e+01  1.2250000000e+01  1.2765125328e-15  1.0330278299e-15  2.1684043450e-19  
0 5.2500000000e+00  1.2250000000e+01  1.0500000000e+01  7.7680375153e-16  0.0000000000e+00  -5.2106756410e-16  
0 6.1250000000e+00  1.1375000000e+01  1.3125000000e+01  1.5439038936e-15  3.0531133177e-16  0.0000000000e+00  
0 6.1250000000e+00  1.3125000000e+01  1.1375000000e+01  9.8879238131e-16  8.8817841970e-16  -1.5265566589e-16  
0 7.0000000000e+00  1.0500000000e+01  1.0500000000e+01  6.1287238305e-16  -2.6541269182e-16  7.3449276175e-16  
0 7.0000000000e+00  1.2250000000e+01  1.2250000000e+01  3.0531133177e-16  2.2204460493e-16  -6.6613381478e-16  
0 8.7500000000e+00  1.0500000000e+01  1.2250000000e+01  1.1715888676e-15  1.0998146838e-15  2.1684043450e-19  
0 8.7500000000e+00  1.2250000000e+01  1.0500000000e+01  6.1257422745e-17  4.4408920985e-16  1.0018028074e-16  
0 7.8750000000e+00  1.1375000000e+01  1.1375000000e+01  8.2496943304e-16  4.1633363423e-17  -6.1018898267e-16  
0 7.8750000000e+00  1.3125000000e+01  1.3125000000e+01  1.7763568394e-15  1.3322676296e-15  6.6613381478e-16  
0 1.1375000000e+01  9.6250000000e+00  9.6250000000e+00  4.1633363423e-16  1.1635657715e-15  1.1640943201e-15  
0 9.6250000000e+00  1.1375000000e+01  9.6250000000e+00  2.4719809533e-16  5.5511151231e-17  9.4248339601e-16  
0 1.1375000000e+01  1.3125000000e+01  9.6250000000e+00  6.1062266354e-16  1.3340023530e-15  1.6358442378e-15  
0 1.3125000000e+01  1.1375000000e+01  9.6250000000e+00  1.3322676296e-15  9.2981178312e-16  1.2888995427e-15  
0 9.6250000000e+00  9.6250000000e+00  1.1375000000e+01  7.4593109467e-16  1.3569738866e-15  5.5511151231e-17  
0 1.1375000000e+01  9.6250000000e+00  1.3125000000e+01  5.2735593670e-16  1.5197261852e-15  1.3600096526e-15  
0 1.3125000000e+01  9.6250000000e+00  1.1375000000e+01  6.6613381478e-16  6.7654215563e-17  9.0178515696e-17  
0 9.6250000000e+00  1.1375000000e+01  1.3125000000e+01  4.0939474033e-16  6.3835113411e-16  1.3582749292e-15  
0 9.6250000000e+00  1.3125000000e+01  1.1375000000e+01  2.9837243787e-16  6.6613381478e-16  1.0405630350e-16  
0 1.0500000000e+01  1.0500000000e+01  1.0500000000e+01  1.2862974574e-15  2.6186192971e-15  6.2124784483e-16  
0 1.0500000000e+01  1.2250000000e+01  1.2250000000e+01  2.7668839442e-16  -2.2161092406e-16  -9.4368957093e-16  
0 1.2250000000e+01  1.0500000000e+01  1.2250000000e+01  -2.2204460493e-16  8.8709421753e-16  -5.5511151231e-17  
0 1.2250000000e+01  1.2250000000e+01  1.0500000000e+01  -4.4408920985e-16  -2.7755575616e-16  -2.2204460493e-16  
0 1.1375000000e+01  1.1375000000e+01  1.1375000000e+01  3.4694469520e-16  -4.8637309458e-16  4.5308808788e-16  
0 1.1375000000e+01  1.3125000000e+01  1.3125000000e+01  2.2204460493e-15  1.3305329061e-15  7.7542139376e-16  
0 1.3125000000e+01  1.1375000000e+01  1.3125000000e+01  8.8817841970e-16  1.3253287356e-15  1.0529771499e-15  
0 1.3125000000e+01  1.3125000000e+01  1.1375000000e+01  4.4408920985e-16  2.4147350786e-15  1.7763568394e-15  
