#N 512 1
#C Si
#X   1.4000000000e+01 0.0 0.0
#Y  0.0   1.4000000000e+01 0.0
#Z  0.0 0.0   1.4000000000e+01
#E 0.0
#F
0 -1.6005220985e-02  -7.9056511325e-03  1.0355004921e-02  9.0184272653e-01  4.8701442950e-01  -4.2095076477e-01  
0 8.5993225238e-03  1.7363428451e+00  1.7566961212e+00  -4.5411772865e-01  5.3442888816e-01  -2.4005306518e-01  
0 1.7587703003e+00  1.3915448910e-03  1.7510852780e+00  -3.2424440532e-01  1.0963910506e-02  4.4618713597e-02  
0 1.7613337479e+00  1.7508778361e+00  9.9100703297e-03  -5.1349396875e-01  -1.3383689336e-03  -3.6473163794e-01  
0 8.6293007189e-01  8.7780041402e-01  8.8733292320e-01  7.0369559333e-01  -3.1418731099e-01  -5.2265171989e-01  
0 8.5918341946e-01  2.6222010737e+00  2.6135026664e+00  6.6286495404e-01  1.2317617504e-01  6.5568018935e-01  
0 2.6250886695e+00  8.6384970207e-01  2.6122083830e+00  -2.9413008629e-02  5.5839163793e-01  8.8139073268e-01  
0 2.6297627967e+00  2.6100980967e+00  8.8457721649e-01  -1.4190169412e-01  5.2735400195e-01  -2.3313258670e-01  
0 3.4959403172e+00  1.4545703186e-02  1.3981075165e-03  5.1626873706e-01  -3.7428402994e-01  -1.9249011181e-02  
0 3.4876370978e+00  1.7369771552e+00  1.7625515027e+00  6.6030438305e-01  6.8195480049e-01  -5.5190951473e-01  
0 4.3823115403e+00  8.8637785074e-01  8.8516259739e-01  -1.9317232216e-01  -3.9948464031e-01  -4.4916853501e-01  
0 4.3655125454e+00  2.6157856902e+00  2.6308810287e+00  3.2358203494e-01  2.8582231446e-01  -2.0283782176e-01  
0 -1.5933080596e-02  3.4942040890e+00  2.3184414681e-03  8.6149018369e-01  2.5899048343e-01  -2.7513922548e-01  
0 1.7610990856e+00  3.4855573333e+00  1.7533236105e+00  -6.7008891847e-01  4.4750686622e-01  -1.6655250237e-01  
0 8.6147060393e-01  4.3742661890e+00  8.6703799336e-01  5.0606240222e-01  -1.7199134752e-01  4.8731286070e-01  
0 2.6280779237e+00  4.3693108318e+00  2.6315171049e+00  -4.4023903454e-01  2.1958246621e-01  -2.8461384853e-01  
0 3.5006936306e+00  3.5053782086e+00  -1.4077804249e-02  -4.6776356556e-02  -4.9632747757e-01  7.8912206757e-01  
0 4.3759826452e+00  4.3777266371e+00  8.7637121202e-01  -8.8526537226e-02  -3.3954348830e-01  -4.1408475534e-01  
0 1.2326890745e-02  -1.3306950135e-02  3.4975141800e+00  -4.2044055774e-01  5.4696632822e-01  3.5874113077e-01  
0 1.7374138884e+00  1.7635154635e+00  3.5093641738e+00  4.8843468770e-01  -7.6072475440e-01  -4.8786916243e-01  
0 8.6345430182e-01  8.6710867848e-01  4.3786097864e+00  5.7374719924e-01  3.4715987774e-01  -1.9698611994e-02  
0 2.6326871503e+00  2.6363793141e+00  4.3691674316e+00  -5.2271996745e-01  -4.8659292098e-01  1.3161109358e-01  
0 3.5047380614e+00  -7.0048542762e-03  3.4889094695e+00  -2.0629847174e-02  3.1277348664e-01  5.1996381379e-01  
0 4.3858891643e+00  8.6338101086e-01  4.3827079028e+00  -2.3653128977e-01  6.9956263605e-01  -6.4463129263e-01  
0 -1.2849120768e-02  3.5012986935e+00  3.4999514470e+00  4.3493391579e-01  -1.7414082865e-01  -2.8172431691e-01  
0 8.7207190077e-01  4.3775742250e+00  4.3861608105e+00  -2.7974335204e-02  -1.7616951793e-01  -7.1465494091e-01  
0 3.4872231674e+00  3.5099378913e+00  3.5042810635e+00  6.6704983855e-01  -3.9607903913e-01  -3.2550043619e-01  
0 4.3619088464e+00  4.3679638441e+00  4.3728107627e+00  6.2647869538e-01  3.9370448634e-01  -1.7583908125e-01  
0 5.2488062505e+00  1.4341989115e-02  1.7480962855e+00  2.5872388201e-01  -5.9956395176e-01  3.1131778881e-02  
0 5.2587735790e+00  1.7508133269e+00  1.8510435519e-03  -4.0991836665e-01  4.8822115477e-02  -2.4254919640e-01  
0 6.1179440013e+00  8.8471361171e-01  2.6111726477e+00  4.1781614616e-01  -3.4992801242e-01  5.7908678835e-01  
0 6.1162141127e+00  2.6325958835e+00  8.6014105921e-01  5.7557860172e-01  -5.0000350989e-01  3.6269719426e-01  
0 7.0034535512e+00  -2.1491590803e-03  -1.5316274349e-02  -4.1979478170e-01  -4.0422930199e-02  7.7546927681e-01  
0 6.9877243632e+00  1.7362654482e+00  1.7544839215e+00  5.1168704503e-01  9.9684126772e-01  -7.0549262747e-01  
0 8.7374782077e+00  1.0553329828e-02  1.7419573141e+00  7.8661455230e-01  -4.1812792765e-01  3.3585952371e-01  
0 8.7418682299e+00  1.7490721053e+00  -1.5257369941e-02  2.7190677214e-01  -7.9009906836e-02  8.2957514386e-01  
0 7.8705592953e+00  8.7770221369e-01  8.8261959952e-01  -8.0605251225e-02  -2.0213213254e-01  -5.9346681012e-01  
0 7.8720998802e+00  2.6335572349e+00  2.6211443916e+00  7.8883491218e-02  -5.6910712676e-01  9.2730670329e-02  
0 5.2629942799e+00  3.4872330822e+00  1.7363972876e+00  -8.4125142453e-01  6.7010773520e-01  4.8838773401e-01  
0 6.1393107295e+00  4.3712471136e+00  2.6101389810e+00  -6.1871922030e-01  2.2523604058e-02  6.3133460861e-01  
0 7.0059144653e+00  3.5142029271e+00  -3.3945109131e-03  -2.9952149761e-01  -8.3133889619e-01  -1.4566838096e-01  
0 8.7612150775e+00  3.4952972775e+00  1.7382808493e+00  -8.6346249931e-01  1.4938130973e-01  4.9167669073e-01  
0 7.8636998376e+00  4.3621186368e+00  8.7641508651e-01  7.2080559976e-01  5.4590545330e-01  -3.8430528183e-01  
0 5.2565106417e+00  1.7440145203e+00  3.4854998343e+00  -2.5565454678e-01  2.8207952731e-01  5.8882428954e-01  
0 6.1344650345e+00  2.6274489391e+00  4.3783427009e+00  -6.2011279841e-01  -1.8032284571e-01  -4.4802537385e-01  
0 7.0143000090e+00  8.5832780507e-03  3.4904861365e+00  -8.0402365287e-01  -5.6277708529e-01  2.6395800375e-01  
0 8.7515085446e+00  1.7516547675e+00  3.4873231990e+00  -2.0491861693e-02  -1.4576847988e-01  4.6105473954e-01  
0 7.8778675182e+00  8.6222680547e-01  4.3755106121e+00  -1.6528139903e-01  6.7831199546e-01  -2.7146792459e-01  
0 7.0021060604e+00  3.5043966267e+00  3.4991021772e+00  1.6980903798e-01  1.5036426634e-02  -1.1783657603e-01  
0 7.8837915285e+00  4.3840301719e+00  4.3684944290e+00  -5.0941910055e-01  -2.5731758520e-01  2.6720175922e-01  
0 9.6253236424e+00  8.7667974389e-01  2.6120546392e+00  1.0622810789e-01  1.4641256620e-01  5.0461055597e-01  
0 9.6167271097e+00  2.6259110452e+00  8.7499245472e-01  3.5804267406e-01  2.0275857790e-01  -3.6521623370e-01  
0 1.0505818680e+01  1.5774878632e-03  -1.6264181587e-02  -3.1903327437e-01  -1.3143157745e-01  9.1281908881e-01  
0 1.0511609712e+01  1.7656820933e+00  1.7597610080e+00  -6.0886338567e-01  -7.7697213994e-01  -8.3922794965e-01  
0 1.2263248121e+01  -1.2120936976e-02  1.7357100178e+00  -6.4726233609e-01  5.7568485162e-01  9.7748632147e-01  
0 1.2237936915e+01  1.7434542776e+00  5.2585173959e-03  5.8262597032e-01  2.8929290838e-01  -2.0463417297e-01  
0 1.1382489831e+01  8.8177411591e-01  8.7437709840e-01  -2.3967040621e-01  -2.0638700604e-01  -4.3104582815e-03  
0 1.1369343545e+01  2.6404748668e+00  2.6118589209e+00  4.2254977528e-01  -6.8985752499e-01  5.4570331913e-01  
0 1.3138855675e+01  8.6621066838e-01  2.6382225876e+00  -6.2103666011e-01  3.5936355427e-02  -5.9362254957e-01  
0 1.3131183847e+01  2.6114746001e+00  8.7026777241e-01  -5.5241200224e-01  2.7161962992e-01  1.5954011169e-01  
0 9.6280474696e+00  4.3739854835e+00  2.6237538347e+00  -2.2900342765e-01  2.8022695469e-01  -3.3977052100e-02  
0 1.0487130965e+01  3.5152191642e+00  -9.1934281307e-03  5.7022336653e-01  -6.1382749752e-01  2.8076485403e-01  
0 1.2240374779e+01  3.4915208112e+00  1.7429217863e+00  4.7911911058e-01  4.2838982561e-01  1.8744559047e-01  
0 1.1387802321e+01  4.3813166769e+00  8.8188996522e-01  -8.7162651267e-01  -2.6376201239e-01  -5.4266155287e-01  
0 1.3125981961e+01  4.3737813377e+00  2.6165688552e+00  -2.8415531260e-01  -2.4597363563e-01  6.9752528391e-01  
0 9.6159403139e+00  2.6118435219e+00  4.3663614362e+00  4.9267115726e-01  7.4212118863e-01  2.4560825053e-01  
0 1.0501499911e+01  -2.8213600377e-03  3.4919518227e+00  -1.5256831258e-01  -4.9290971313e-03  2.2308080144e-01  
0 1.2255277336e+01  1.7496668880e+00  3.4931973748e+00  2.1463278903e-02  -9.4612789512e-02  3.1090334738e-01  
0 1.1389481906e+01  8.7715153814e-01  4.3871571878e+00  -7.7764298667e-01  2.7957136024e-02  -8.4558771641e-01  
0 1.3130301493e+01  2.6215909060e+00  4.3651375500e+00  -3.2792330995e-01  2.5860234809e-01  3.6129443997e-01  
0 1.0503000311e+01  3.5125773852e+00  3.4928419736e+00  -1.9179413082e-01  -4.9531563972e-01  2.4438708774e-01  
0 1.1383235588e+01  4.3804905684e+00  4.3784278023e+00  -5.9463734453e-01  -7.8450778473e-01  7.4235611969e-02  
0 -1.4217968320e-02  5.2387075091e+00  1.7640692672e+00  6.4204862741e-01  4.2202505510e-01  -8.0329189566e-01  
0 1.7557808532e+00  5.2545982893e+00  1.8875631136e-03  -6.2127918269e-01  -2.1363025345e-01  -7.8880534426e-02  
0 8.8111390889e-01  6.1226714886e+00  2.6141306938e+00  -4.7563456033e-01  -2.1126187133e-01  6.2080859689e-01  
0 2.6278452918e+00  6.1142729102e+00  8.6632368511e-01  -1.3389855497e-01  1.9369520589e-01  5.3023846726e-01  
0 3.4852751387e+00  5.2487258628e+00  1.7365381403e+00  7.9437390979e-01  -2.1063614542e-01  7.2996639734e-01  
0 4.3771671103e+00  6.1249493079e+00  2.6250541850e+00  -1.3333712855e-01  -6.4110804667e-02  -1.5105247909e-01  
0 -9.9120463716e-03  7.0125210748e+00  1.1061316207e-02  3.8913536356e-01  -4.7625550848e-01  -4.2428158348e-01  
0 1.0294436500e-02  8.7401553375e+00  1.7582005858e+00  -3.6027835002e-01  8.7301694428e-01  -6.0994356134e-01  
0 1.7483907815e+00  6.9852185850e+00  1.7565399867e+00  3.3082991689e-01  5.3523745051e-01  -6.7932837440e-01  
0 1.7626106340e+00  8.7589518745e+00  -8.1584253422e-03  -4.9103585116e-01  -3.4670560854e-01  4.8729200204e-01  
0 8.7329542676e-01  7.8880499844e+00  8.6413228970e-01  9.1716452280e-02  -6.0718141369e-01  7.0895788350e-01  
0 2.6336553790e+00  7.8873748144e+00  2.6245023566e+00  -5.5304242412e-01  -8.2198131744e-01  -6.5643676546e-03  
0 3.5026340121e+00  6.9851567530e+00  3.4129853681e-03  -5.0593974409e-02  4.9652704847e-01  -4.5863518383e-02  
0 3.4938020393e+00  8.7366844906e+00  1.7631929499e+00  3.0040012088e-01  7.5702601417e-01  -8.2581384919e-01  
0 4.3708449743e+00  7.8776773200e+00  8.8180706854e-01  1.3928179392e-01  -4.2780076732e-01  -2.8099474234e-01  
0 1.7363399253e+00  5.2499240648e+00  3.5073074646e+00  6.3754321114e-01  -1.9777480312e-02  -3.0585249587e-01  
0 2.6187625096e+00  6.1348411853e+00  4.3896025796e+00  2.6189400826e-01  -4.5947233721e-01  -6.4154664242e-01  
0 1.3510766233e-02  7.0005052486e+00  3.4956068711e+00  -7.1124658326e-01  -1.5161065152e-01  -6.1022308588e-02  
0 1.7426276681e+00  8.7508982711e+00  3.4873665276e+00  6.0841026788e-01  2.2903950749e-02  4.9444201179e-01  
0 8.8697896269e-01  7.8687679607e+00  4.3622961895e+00  -7.7175869357e-01  3.5349402941e-01  2.5316556184e-01  
0 3.5077531441e+00  7.0063750216e+00  3.5032691360e+00  -3.9137002038e-01  -1.7845761097e-01  -2.0750360473e-01  
0 4.3716248043e+00  7.8734569774e+00  4.3626141831e+00  2.0694995237e-01  1.6906641077e-01  6.9098109646e-01  
0 5.2461539939e+00  5.2374009606e+00  -1.3101854829e-02  3.9957841652e-01  6.5983526028e-01  5.1578983233e-01  
0 6.1163462161e+00  6.1238466186e+00  8.7528254626e-01  5.8381646681e-01  -1.3475389985e-01  -1.4130811688e-01  
0 7.0025498833e+00  5.2435655115e+00  1.7435354664e+00  -6.5266228780e-03  7.4170126877e-02  1.6565553963e-01  
0 8.7459929763e+00  5.2482162673e+00  5.5593076508e-03  2.1987000666e-01  3.6282356003e-02  -2.7379806981e-01  
0 7.8791345947e+00  6.1164333690e+00  2.6123156458e+00  -1.3889443941e-02  5.4201662509e-01  6.6363541335e-01  
0 5.2608778478e+00  6.9880915433e+00  1.7384366466e+00  -5.5060574690e-01  4.8556529881e-01  6.5122587914e-01  
0 5.2432213799e+00  8.7457963523e+00  2.9794154857e-03  1.3206590479e-01  2.9903796867e-01  -5.2257863565e-02  
0 6.1292228981e+00  7.8849882503e+00  2.6298573690e+00  4.9643983992e-02  -5.3027679184e-01  -4.3311334279e-01  
0 7.0141125740e+00  6.9995921199e+00  1.3599760899e-02  -7.2341308765e-01  -1.5290901847e-01  -6.1653764802e-01  
0 7.0057762940e+00  8.7412799321e+00  1.7528787150e+00  -2.9798160948e-01  4.7212048188e-01  -6.1080212235e-02  
0 8.7642156014e+00  7.0036910911e+00  1.7562674707e+00  -7.4280612830e-01  -3.3826012391e-01  -5.7854267266e-01  
0 8.7483406677e+00  8.7353389351e+00  -1.5177775428e-02  -9.4327666172e-02  5.9963443141e-01  7.5301126635e-01  
0 7.8633604194e+00  7.8711307721e+00  8.7251209360e-01  7.6554768995e-01  6.2173031075e-02  2.7230124066e-01  
0 5.2512596747e+00  5.2512181161e+00  3.4936209176e+00  1.9386576668e-02  -1.4886472546e-01  7.8907481456e-02  
0 6.1280638265e+00  6.1389649414e+00  4.3776918755e+00  1.6535430512e-01  -6.3180115208e-01  1.3744788905e-02  
0 8.7373227008e+00  5.2638833880e+00  3.5062851468e+00  7.0399418717e-01  -8.7270605036e-01  -3.2198882091e-01  
0 5.2497247930e+00  8.7622217882e+00  3.4848627481e+00  -1.0914107505e-02  -6.0985713200e-01  6.2250591576e-01  
0 7.0118512817e+00  7.0014006592e+00  3.5091034755e+00  -5.6036083051e-01  1.7181648043e-01  -4.7470017033e-01  
0 8.7605726517e+00  8.7589165501e+00  3.4978312600e+00  -1.9771648677e-01  -4.9727106359e-01  6.5404595727e-02  
0 7.8733134696e+00  7.8827260469e+00  4.3685376296e+00  4.3100840097e-01  -2.8229708077e-01  4.0803798224e-01  
0 9.6190141296e+00  6.1176989810e+00  8.7193547779e-01  4.6095967765e-01  2.9512690413e-01  3.3841834268e-01  
0 1.0485652193e+01  5.2523950796e+00  1.7573361524e+00  6.6643787009e-01  -2.1179906436e-01  -2.4173452151e-01  
0 1.2242985190e+01  5.2448695460e+00  6.6576345097e-03  4.5947676220e-01  3.7324590509e-01  -2.7964392009e-01  
0 1.1384709767e+01  6.1122278159e+00  2.6293987008e+00  -6.4549267317e-01  3.6776633433e-01  7.7048358185e-02  
0 1.3128280795e+01  6.1104793332e+00  8.7743544599e-01  -3.8929294367e-01  6.8981323321e-01  5.5850524968e-02  
0 9.6240749927e+00  7.8665826837e+00  2.6108508809e+00  3.4207240366e-01  3.4722349892e-01  8.4114836738e-01  
0 1.0514220590e+01  7.0068142176e+00  3.5600703535e-03  -6.8677768347e-01  -2.5363663360e-01  -4.6716941035e-01  
0 1.0503197056e+01  8.7465285231e+00  1.7529522190e+00  -2.3909492989e-01  -3.0714098925e-02  -3.5265033521e-01  
0 1.2239590040e+01  6.9882332804e+00  1.7533541172e+00  4.3555710680e-01  2.8242847404e-01  -4.6996546840e-02  
0 1.2251348803e+01  8.7587373702e+00  9.5968003089e-03  -3.3631952835e-01  -5.5517676770e-01  -5.1002874491e-01  
0 1.1365123284e+01  7.8700748531e+00  8.6472449941e-01  4.9190263456e-01  2.2347488515e-01  6.0401685268e-01  
0 1.3117015133e+01  7.8819575140e+00  2.6135823673e+00  5.0862315955e-01  -4.5996804411e-01  5.9985855213e-01  
0 9.6365266145e+00  6.1165701255e+00  4.3867801335e+00  -4.8300843008e-01  3.9501707508e-01  -4.1238451665e-01  
0 1.2239194637e+01  5.2358132277e+00  3.5124110141e+00  6.2356002129e-01  7.1919206074e-01  -4.8447535504e-01  
0 1.3124821534e+01  6.1214130436e+00  4.3839816235e+00  1.9125665212e-01  1.0781658505e-01  -4.5990302192e-01  
0 1.0505909102e+01  6.9868315839e+00  3.5138858185e+00  4.4634350581e-02  3.5303538782e-01  -3.5782519178e-01  
0 1.2245684144e+01  8.7517105533e+00  3.5014982279e+00  2.4453240368e-01  2.3197089243e-03  -2.4154429030e-01  
0 1.1383328704e+01  7.8741170247e+00  4.3755419765e+00  -3.1074249875e-01  -7.0046233170e-02  1.0109640603e-01  
0 8.8186891619e-01  9.6329862659e+00  2.6112371511e+00  -2.3211387562e-01  -2.7884178721e-01  8.0997341362e-01  
0 2.6213037377e+00  9.6338572300e+00  8.6496179077e-01  4.1997272743e-01  -1.8722233924e-01  4.4010427621e-01  
0 4.3628419246e+00  9.6173754609e+00  2.6210866436e+00  5.2746172441e-01  5.0526473854e-01  3.1556444453e-01  
0 -9.5800105401e-03  1.0485008022e+01  -1.2279671566e-02  6.9576298244e-01  7.2930835072e-01  7.4652444177e-01  
0 4.8598941222e-03  1.2259233041e+01  1.7466990667e+00  1.5374456538e-01  -2.2074120732e-01  7.6081316748e-02  
0 1.7637255256e+00  1.0507201235e+01  1.7574745841e+00  -5.4543553898e-01  -1.5674262318e-01  -4.0667392964e-01  
0 1.7579842369e+00  1.2260621390e+01  8.7150700994e-04  -2.4887244356e-01  -1.3848729846e-01  -9.9747439891e-02  
0 8.8452069406e-01  1.1384565930e+01  8.7191277611e-01  -2.6593784348e-01  -6.0387205118e-02  1.3827445510e-01  
0 8.8258291812e-01  1.3139138664e+01  2.6155155858e+00  4.1815437694e-02  -7.6179756272e-01  4.4796822882e-01  
0 2.6354499864e+00  1.1372611811e+01  2.6376963293e+00  -5.6953172085e-02  2.1062925733e-01  -5.2803972241e-01  
0 2.6393811564e+00  1.3139628194e+01  8.8928785535e-01  -5.2369745568e-01  -3.7390878486e-01  -5.9773187785e-01  
0 3.4964254093e+00  1.0515766084e+01  3.4666646512e-03  8.1239056171e-02  -3.0899335596e-01  -2.7305217202e-01  
0 3.5131952087e+00  1.2248214312e+01  1.7581105427e+00  -1.7402273042e-01  4.5739063464e-01  -3.2632335461e-01  
0 4.3678926817e+00  1.1390289040e+01  8.6860957990e-01  2.6261372584e-01  -5.6108997482e-01  3.1203539823e-01  
0 4.3896163186e+00  1.3134594778e+01  2.6200473598e+00  -3.9741025316e-01  -4.3507434929e-01  2.7151829689e-01  
0 2.6273904667e+00  9.6290517905e+00  4.3827196025e+00  -2.9154170550e-01  -2.9500919150e-01  -2.7154190740e-01  
0 -1.8926850933e-03  1.0514270200e+01  3.5111538742e+00  6.8684261375e-02  -4.5511443458e-01  -5.3841112656e-01  
0 1.7565589830e+00  1.2259364279e+01  3.4949223066e+00  -3.7323190015e-02  -4.2307090070e-01  2.2955100114e-01  
0 8.7745390303e-01  1.1363559352e+01  4.3795189728e+00  -1.3344310301e-01  7.8463201110e-01  -9.2266445916e-02  
0 2.6324059213e+00  1.3129384205e+01  4.3611297289e+00  -3.6470600771e-01  -2.1748826275e-01  4.7995642240e-01  
0 3.5108271527e+00  1.0495031828e+01  3.5052533968e+00  -6.0647241672e-01  1.3128820427e-01  1.0056524580e-01  
0 4.3722521429e+00  1.1376078496e+01  4.3868816907e+00  8.7488053051e-02  -1.8298717052e-01  -7.2039024129e-01  
0 6.1266292263e+00  9.6211927266e+00  8.8271981720e-01  -1.6373662026e-01  1.1244077874e-01  -3.3472556913e-01  
0 7.8621432011e+00  9.6283929892e+00  2.6270788848e+00  1.0455916182e+00  -1.3880294645e-01  -4.9453398048e-02  
0 5.2414152796e+00  1.0503986666e+01  1.7601658789e+00  2.4795755793e-01  -2.7808210353e-01  -5.5096545634e-01  
0 5.2478839267e+00  1.2252286627e+01  -3.6736656362e-03  -3.8839055314e-02  -1.2878700020e-01  6.7893897285e-02  
0 6.1210573668e+00  1.1368774231e+01  2.6308500121e+00  2.4428888712e-02  2.0288185151e-01  -5.1496711584e-02  
0 6.1269576572e+00  1.3112669453e+01  8.7811239557e-01  -2.0370447514e-01  5.8605556256e-01  -3.2658610480e-01  
0 7.0066447466e+00  1.0495099687e+01  -6.4902040133e-03  -4.3147413606e-01  5.8073115560e-02  5.3555733685e-01  
0 6.9933635301e+00  1.2247775001e+01  1.7501067152e+00  9.1104355106e-02  5.7822900666e-03  1.3395961353e-01  
0 8.7563877215e+00  1.0496844030e+01  1.7422838218e+00  -5.1259417315e-01  2.2226147007e-01  3.7073077664e-01  
0 8.7354384887e+00  1.2260801108e+01  1.5019533434e-02  6.4513575953e-01  -2.4434924297e-01  -5.0934846440e-01  
0 7.8730005737e+00  1.1385502234e+01  8.8404371325e-01  -1.9422892423e-02  -3.9972851021e-01  -3.8817115789e-01  
0 7.8661441928e+00  1.3135467730e+01  2.6188867665e+00  2.6190748873e-01  -4.2060213825e-01  2.3783468902e-01  
0 6.1277782391e+00  9.6268996487e+00  4.3775432998e+00  -3.6419697127e-01  2.3381819435e-01  -1.8130948067e-01  
0 5.2493929973e+00  1.2252301771e+01  3.5015435681e+00  2.1895957384e-01  2.8242499379e-03  1.7472563899e-02  
0 6.1206114405e+00  1.3114303106e+01  4.3718145124e+00  2.5368761698e-01  5.4806720998e-01  -2.1075587120e-02  
0 7.0115399426e+00  1.0488542450e+01  3.5069718924e+00  -7.0055959215e-01  5.4859657492e-01  -1.9808413848e-01  
0 8.7361360170e+00  1.2237374521e+01  3.5063111101e+00  4.6686841191e-01  8.6234792526e-01  -3.1921630242e-01  
0 7.8680028940e+00  1.1382961677e+01  4.3891325930e+00  3.5997376057e-01  -8.3033978279e-01  -6.7799823433e-01  
0 9.6113851577e+00  9.6286763778e+00  8.7131151848e-01  5.4106305948e-01  -3.3333410263e-01  2.1502465770e-02  
0 1.1383412979e+01  9.6190679225e+00  2.6151115419e+00  -3.7099189075e-01  2.3052871025e-01  3.3203828190e-01  
0 1.3137535404e+01  9.6199875936e+00  8.8277457494e-01  -6.1036029810e-01  2.8528266494e-01  -4.0561939845e-01  
0 9.6325660812e+00  1.1376898951e+01  2.6216217131e+00  -2.9576888057e-01  -3.8858604666e-01  2.5339037846e-01  
0 9.6346699926e+00  1.3116464427e+01  8.8696332468e-01  -3.5329413608e-01  4.5467761306e-01  -6.9046184074e-01  
0 1.0486595418e+01  1.0493025267e+01  4.6924228997e-03  5.8753980611e-01  5.5110316956e-01  -3.9702003036e-01  
0 1.0512345181e+01  1.2243726965e+01  1.7531837238e+00  -7.0491431125e-01  2.6686362883e-01  -2.1510160478e-02  
0 1.2250395576e+01  1.0500105863e+01  1.7402619863e+00  5.7209239739e-01  -1.4281363057e-01  5.4441302977e-01  
0 1.2244366954e+01  1.2259732198e+01  7.4358453100e-03  4.7834988922e-01  -5.3113754585e-01  -3.4169195251e-01  
0 1.1386142937e+01  1.1371626191e+01  8.8198487749e-01  -4.8815019348e-01  1.4833772595e-01  -3.3380432559e-01  
0 1.1359423924e+01  1.3110903627e+01  2.6225269181e+00  1.0912112151e+00  6.6063629209e-01  2.4371753178e-02  
0 1.3136671385e+01  1.1384129050e+01  2.6356185138e+00  -3.0572697662e-01  -9.2641853807e-02  -5.9615607329e-01  
0 1.3134093749e+01  1.3133230806e+01  8.8454133843e-01  -3.8260945673e-01  -6.2292858345e-01  -5.0915580647e-01  
0 9.6356209855e+00  9.6161084067e+00  4.3820412740e+00  -2.6361119901e-01  5.2176610829e-01  -5.1884936360e-01  
0 1.3121047130e+01  9.6302278949e+00  4.3827535330e+00  1.4736706923e-01  -7.4803120245e-03  -4.8325005331e-01  
0 9.6286739974e+00  1.3127712981e+01  4.3892684861e+00  -3.0742041661e-01  -2.0726632975e-01  -6.6701502734e-01  
0 1.0513809228e+01  1.0512918257e+01  3.4979214053e+00  -3.4363742807e-01  -8.9839086636e-01  -1.7834372535e-01  
0 1.2252351019e+01  1.2257669404e+01  3.4903562039e+00  4.9708677027e-02  -5.1079524717e-01  6.2046384600e-01  
0 1.1377867042e+01  1.1362599502e+01  4.3617903319e+00  -1.5969664007e-01  7.8778003845e-01  5.0233265217e-01  
0 1.3135306130e+01  1.3111387576e+01  4.3865078237e+00  -5.2069871626e-01  7.5092943804e-01  -5.2673803903e-01  
0 -4.7229920224e-03  1.7580597331e+00  5.2453131696e+00  1.1730878316e-01  -5.9262195940e-01  6.1024584012e-02  
0 1.7438672011e+00  5.7966083886e-03  5.2469896289e+00  1.5279982288e-01  -3.0683197293e-01  -4.1960522058e-02  
0 8.7995727429e-01  2.6264069030e+00  6.1295876237e+00  -1.6002546392e-01  -3.0399415530e-01  -3.7480716776e-01  
0 2.6156248448e+00  8.6115603931e-01  6.1139420391e+00  4.2121794616e-01  6.7582904715e-01  4.3181307599e-01  
0 3.5079105695e+00  1.7607837283e+00  5.2399565100e+00  -1.9200835766e-01  -6.5870745899e-01  3.4378457961e-01  
0 4.3852413933e+00  2.6275819353e+00  6.1262450711e+00  -3.8675088072e-01  -1.9270628908e-01  -9.0816140620e-02  
0 1.7613327733e+00  3.4922325662e+00  5.2380339821e+00  -4.7595133615e-01  4.7497796490e-01  7.7894122627e-01  
0 2.6267114152e+00  4.3623775482e+00  6.1243197912e+00  4.6751191316e-02  8.8148626823e-01  5.7052305206e-02  
0 7.6946829471e-03  3.3637525716e-03  7.0134309049e+00  -4.0288059247e-01  -2.2557616914e-01  -5.7609608225e-01  
0 7.5203986101e-03  1.7417232367e+00  8.7481201291e+00  -2.0998158684e-01  2.9989885977e-01  3.1879821542e-01  
0 1.7636689517e+00  1.4812139061e-03  8.7556296661e+00  -9.0193344476e-01  -1.7419684188e-01  -4.2236588273e-01  
0 1.7455654092e+00  1.7417640169e+00  7.0052895497e+00  2.7607177153e-01  1.8987886257e-01  -4.2642017127e-01  
0 8.8287294809e-01  8.8109253341e-01  7.8895518143e+00  -2.7270459097e-01  -4.1807687579e-01  -6.0400922904e-01  
0 2.6116315931e+00  2.6166358026e+00  7.8599824481e+00  6.2427891250e-01  3.4251209960e-01  7.3225076848e-01  
0 3.5105566426e+00  -7.6468999571e-03  7.0033908060e+00  -3.3528025464e-01  4.0966453012e-01  -3.3889561919e-01  
0 3.4944186205e+00  1.7370469708e+00  8.7619510913e+00  3.0943726213e-01  8.4813433713e-01  -6.8092582352e-01  
0 4.3836494089e+00  8.8938395465e-01  7.8780795319e+00  -2.1972677147e-01  -6.3513141361e-01  3.2204414424e-02  
0 1.1254932135e-02  3.4954659249e+00  7.0008881375e+00  -3.2254466658e-01  1.9915090582e-01  -1.9105582938e-01  
0 1.7396290538e+00  3.4954443850e+00  8.7406327110e+00  3.7462416827e-01  2.2379203541e-01  4.3238922212e-01  
0 8.7428798213e-01  4.3886837748e+00  7.8705777046e+00  -1.3319056358e-02  -5.6544206116e-01  8.9704056770e-02  
0 3.4978750750e+00  3.5129154245e+00  6.9993289459e+00  2.1970917417e-01  -9.3498146842e-01  6.0186332417e-02  
0 4.3784643435e+00  4.3803317791e+00  7.8837120789e+00  -2.9537289361e-01  -2.5246602129e-01  -3.4820353387e-01  
0 5.2575811655e+00  1.3388748728e-02  5.2401229757e+00  -9.0577117866e-02  -8.8120375825e-01  6.1376743041e-01  
0 6.1359113747e+00  8.6483954547e-01  6.1343855386e+00  -5.0244709890e-01  5.9036681695e-01  -3.4148246362e-01  
0 6.9851998628e+00  1.7516954131e+00  5.2493270215e+00  8.8061869762e-01  -6.4793270998e-02  1.3085631953e-01  
0 8.7471190690e+00  -5.3967147444e-03  5.2580820747e+00  -1.0410483464e-01  2.4638068614e-01  -5.3318195210e-01  
0 7.8654230225e+00  2.6395104325e+00  6.1224246295e+00  2.7783410792e-01  -6.3739744923e-01  -1.9132398167e-02  
0 5.2380512958e+00  3.4886701444e+00  5.2412495195e+00  5.8284550118e-01  4.9364268508e-01  2.5956980803e-01  
0 6.1130150312e+00  4.3629149149e+00  6.1254266311e+00  4.7985008184e-01  6.2495719252e-01  -6.5659572293e-02  
0 8.7465302044e+00  3.4949417695e+00  5.2399033241e+00  -5.4548115326e-02  2.9413786510e-01  3.4259622898e-01  
0 5.2570444277e+00  7.9973413558e-04  8.7542113104e+00  -5.3991967631e-01  2.2433483974e-01  1.0612139286e-01  
0 5.2615204642e+00  1.7544387988e+00  7.0060807712e+00  -3.6678376495e-01  6.5590352415e-02  -7.2553272359e-02  
0 6.1394731636e+00  2.6324221411e+00  7.8660052779e+00  -6.2351656140e-01  -1.8095364638e-01  7.4151641866e-01  
0 7.0039268857e+00  -8.7068957859e-03  7.0129249067e+00  -2.7178833824e-01  5.0012744436e-01  -5.0989217639e-01  
0 6.9918924022e+00  1.7365759919e+00  8.7630297181e+00  4.0286048676e-01  8.1274148674e-01  -5.4260167865e-01  
0 8.7379944824e+00  5.4737188858e-04  8.7565137999e+00  6.5938079176e-01  -1.1982703007e-01  4.5027885492e-02  
0 8.7368944775e+00  1.7542633775e+00  6.9983039294e+00  2.8857205714e-01  1.1089034974e-03  1.7556054907e-01  
0 7.8767935929e+00  8.8461691400e-01  7.8875992125e+00  -3.1520029526e-01  -6.5359524545e-01  -1.4332650337e-01  
0 5.2611285069e+00  3.5148040672e+00  8.7638557539e+00  -4.9090985363e-01  -6.4243197226e-01  -7.3153973006e-01  
0 6.9995747408e+00  3.5084772497e+00  7.0103854482e+00  1.0623763349e-01  -4.2381344030e-01  -6.1256935747e-01  
0 8.7379335896e+00  3.5085995108e+00  8.7594881936e+00  4.2384476960e-01  -4.9572307506e-01  -3.2837700014e-01  
0 7.8855428861e+00  4.3694049478e+00  7.8651132849e+00  -5.6313939753e-01  5.5990202385e-01  5.1433768223e-01  
0 9.6193113710e+00  8.6385797585e-01  6.1209229533e+00  -2.1434345137e-01  3.9289806532e-01  1.8183487602e-01  
0 1.0490769612e+01  1.7599311514e+00  5.2417971369e+00  2.1770256659e-01  -6.6159638209e-01  3.5965021093e-01  
0 1.2239284720e+01  1.3373802441e-02  5.2585401018e+00  7.7988544406e-01  -7.8966134212e-01  -1.5322895667e-01  
0 1.1368454252e+01  2.6127912604e+00  6.1391489537e+00  1.6146386829e-01  5.3678670785e-01  -8.6255177637e-01  
0 1.3115198344e+01  8.7036652680e-01  6.1208399073e+00  5.2715667249e-01  5.3403071098e-01  3.0376917699e-01  
0 9.6134047738e+00  4.3843176727e+00  6.1342887132e+00  8.9600491353e-01  -6.9735909509e-01  -3.8105167039e-01  
0 1.2259716458e+01  3.4873134789e+00  5.2463954264e+00  -6.0900998817e-01  3.0368252144e-01  1.8358535653e-01  
0 1.3113831129e+01  4.3625276569e+00  6.1235074078e+00  9.4352029127e-01  2.5821620490e-01  -4.5875801856e-02  
0 9.6222109535e+00  2.6249155852e+00  7.8800654077e+00  -9.1080219507e-02  -1.2751530272e-01  -1.3517593976e-01  
0 1.0486549172e+01  -6.0966243133e-03  6.9969715032e+00  4.7555130225e-01  1.4782757475e-01  1.8915301671e-01  
0 1.0488155873e+01  1.7357496370e+00  8.7350798668e+00  3.9547978751e-01  5.1596110143e-01  6.7927724103e-01  
0 1.2254572285e+01  2.6198667490e-03  8.7545793048e+00  -4.6863573757e-02  -1.3564654092e-01  -3.1303104281e-01  
0 1.2252270673e+01  1.7482267240e+00  6.9884731870e+00  -1.2756542540e-01  -2.9206530307e-01  5.4607271573e-01  
0 1.1378120240e+01  8.7492809514e-01  7.8674331329e+00  -2.6658242762e-01  -1.3156918478e-01  2.2967887844e-01  
0 1.3135996289e+01  2.6125419015e+00  7.8734533335e+00  -2.5474960095e-01  2.6176978087e-01  -2.4751819557e-02  
0 1.0512203392e+01  3.4951355102e+00  7.0100672755e+00  -7.1636689846e-01  1.1794351877e-02  -4.0562010426e-01  
0 1.2238739438e+01  3.4899855805e+00  8.7420005035e+00  8.0024246116e-01  2.1661731460e-01  2.7126289751e-01  
0 1.1386520293e+01  4.3599571568e+00  7.8672111104e+00  -5.0077875641e-01  4.4324419726e-01  3.0845808171e-01  
0 -4.5528369471e-03  5.2466540095e+00  5.2372864495e+00  2.2983432054e-01  -5.9660016722e-02  9.6539032358e-01  
0 8.7812637884e-01  6.1376490896e+00  6.1333509836e+00  -4.8505864484e-01  -6.3933635354e-01  -4.7498332140e-01  
0 3.5062261194e+00  5.2594824472e+00  5.2423235044e+00  -3.0041496617e-01  -2.6006395640e-01  5.0676748381e-01  
0 4.3874390734e+00  6.1250782056e+00  6.1348477662e+00  -3.5501703678e-01  4.9528049865e-02  -6.3689501628e-01  
0 -1.4267238015e-02  8.7506002536e+00  5.2441945479e+00  7.1625492557e-01  2.3117167925e-01  2.0519748432e-01  
0 1.7411401667e+00  6.9898856229e+00  5.2464579191e+00  3.9403046682e-01  6.4569343562e-01  3.0282230627e-01  
0 2.6103231622e+00  7.8649670198e+00  6.1205265712e+00  5.8402601219e-01  3.3607134355e-01  3.0584488031e-01  
0 3.4851618794e+00  8.7359372223e+00  5.2602826870e+00  4.2020115192e-01  5.6200508979e-01  -4.2028701177e-01  
0 1.3313132405e-02  5.2357835133e+00  8.7462256219e+00  -7.7383286884e-01  9.3414369862e-01  1.9420956329e-01  
0 1.7446510277e+00  5.2579420369e+00  7.0087927869e+00  2.0485371022e-01  -1.2015988485e-01  -4.7868773876e-01  
0 2.6378578521e+00  6.1359282878e+00  7.8857384331e+00  -3.1326098760e-01  -5.1806390295e-01  -3.6236560993e-01  
0 3.4955961817e+00  5.2392467359e+00  8.7392712844e+00  2.5157559965e-01  5.8319752177e-01  5.8560093607e-01  
0 -8.7470508827e-03  7.0082900203e+00  6.9943607448e+00  3.7979918358e-01  -1.3529534450e-01  1.6569912344e-01  
0 -1.0582783179e-02  8.7610503660e+00  8.7410162675e+00  4.1113292835e-01  -1.0807650848e+00  4.1170258494e-01  
0 1.7557704331e+00  6.9940852716e+00  8.7552356785e+00  -2.5924473132e-01  4.2594630227e-01  -1.6773378389e-01  
0 1.7437333057e+00  8.7480533978e+00  7.0122894899e+00  3.3361839043e-01  -1.7647934326e-01  -7.9245523790e-01  
0 8.8197573372e-01  7.8664829916e+00  7.8610078933e+00  -5.6657729110e-01  4.5878220313e-01  7.1266890089e-01  
0 3.5082276056e+00  7.0003591600e+00  7.0032794791e+00  -2.1448139670e-01  1.1546833041e-03  -8.1176400554e-02  
0 3.5059753388e+00  8.7397638633e+00  8.7652667831e+00  -3.5909355464e-01  5.8084488598e-01  -9.7131014303e-01  
0 4.3872305647e+00  7.8841752297e+00  7.8678550483e+00  -6.4926905628e-01  -4.0633554926e-01  2.2748347305e-01  
0 7.0122917583e+00  5.2447532587e+00  5.2642671292e+00  -6.8841053933e-01  3.8895887612e-02  -6.8193251501e-01  
0 7.8674227487e+00  6.1158676721e+00  6.1266249082e+00  4.7420667609e-01  4.5816039790e-01  1.4052776286e-01  
0 5.2587091809e+00  7.0077215764e+00  5.2491583096e+00  -2.4860166362e-01  -4.1674024596e-02  -7.6818098395e-03  
0 6.1218963543e+00  7.8899214465e+00  6.1291521483e+00  1.4578575099e-01  -2.1109892602e-01  -3.3316748326e-01  
0 6.9858211612e+00  8.7651461501e+00  5.2531102647e+00  7.2147157439e-01  -5.0520093410e-01  -2.1163002232e-02  
0 8.7633353149e+00  6.9884203640e+00  5.2442080970e+00  -4.3908806854e-01  7.1451127081e-01  5.9244687209e-01  
0 5.2522466235e+00  5.2470891704e+00  6.9867955171e+00  -1.7889242869e-01  -5.1776516162e-02  5.9955589690e-01  
0 6.1166386230e+00  6.1122307247e+00  7.8793943221e+00  2.8776755640e-01  5.9082190418e-01  -4.3964219829e-01  
0 6.9995216931e+00  5.2634868148e+00  8.7395112657e+00  4.8045893030e-02  -6.3006309109e-01  5.5069863936e-01  
0 8.7585037362e+00  5.2469056290e+00  7.0041920475e+00  -5.2423972387e-01  7.0781634497e-03  4.8824877574e-02  
0 5.2366265090e+00  6.9909049875e+00  8.7455304220e+00  7.5743755173e-01  3.1781808579e-01  -1.1268858564e-01  
0 5.2544863532e+00  8.7636454589e+00  6.9881148503e+00  -2.7472498749e-01  -3.1082204564e-01  7.8890410025e-01  
0 6.9916327918e+00  7.0028527352e+00  6.9922971091e+00  3.3965642748e-01  9.3720740148e-02  4.3310825872e-01  
0 6.9971303876e+00  8.7544828456e+00  8.7594127987e+00  -3.0555438889e-02  -2.8539214032e-01  -6.8267634655e-01  
0 8.7450237410e+00  7.0140394174e+00  8.7343448596e+00  3.5250625563e-01  -8.6247153340e-01  1.0903507255e+00  
0 8.7494010090e+00  8.7558123075e+00  7.0068703133e+00  5.3081571672e-02  -1.4696405356e-02  -8.7432612210e-02  
0 7.8827954113e+00  7.8763373860e+00  7.8893278998e+00  -5.1559910679e-01  1.4306603089e-01  -8.4005674663e-01  
0 1.0489016991e+01  5.2399054294e+00  5.2567320465e+00  6.6614826844e-01  3.3968992050e-01  -8.2941135466e-02  
0 1.1389053196e+01  6.1209370099e+00  6.1300870491e+00  -4.8529649920e-01  -3.3991116547e-02  3.0482071521e-02  
0 9.6386819058e+00  7.8855229348e+00  6.1321990766e+00  -5.8519043048e-01  -5.2160864269e-01  -1.5413350728e-01  
0 1.0503992553e+01  8.7561943675e+00  5.2602150859e+00  1.7598753961e-01  -3.0885726992e-01  -3.7229096793e-01  
0 1.2260992666e+01  7.0045084566e+00  5.2592129700e+00  -3.9912098535e-01  -1.7558016910e-01  -4.3640446988e-01  
0 1.3121696185e+01  7.8868368007e+00  6.1128458830e+00  1.6148539573e-01  -4.7874403622e-01  5.2239279404e-01  
0 9.6162415019e+00  6.1191063643e+00  7.8880622882e+00  3.1242886057e-01  2.0958089703e-01  -7.6339400388e-01  
0 1.0492314833e+01  5.2479717899e+00  8.7532012034e+00  4.3910630500e-01  1.0013549091e-02  -1.7354401955e-01  
0 1.2264556880e+01  5.2368944231e+00  6.9862188931e+00  -7.1066397663e-01  2.2354713411e-01  6.8908311408e-01  
0 1.3113388216e+01  6.1317731389e+00  7.8799454883e+00  6.5192087915e-01  -3.1166558661e-01  -6.4158901123e-01  
0 1.0501602341e+01  6.9923246241e+00  7.0109953137e+00  1.0909893476e-01  2.8881600705e-01  -4.0348703271e-01  
0 1.0487411612e+01  8.7516936245e+00  8.7572712375e+00  6.0011770862e-01  -6.7752017417e-02  -2.2878300685e-01  
0 1.2243019836e+01  7.0053251871e+00  8.7409345469e+00  2.0251488441e-01  -3.0600797475e-01  3.3975719813e-01  
0 1.2246089752e+01  8.7564214560e+00  6.9979546274e+00  1.7062814251e-01  -1.3223586869e-01  -2.0550745438e-01  
0 1.1365054883e+01  7.8789637807e+00  7.8622173493e+00  3.4681758263e-01  -1.0970638945e-01  6.4004496686e-01  
0 8.8701129681e-01  9.6392477680e+00  6.1304730814e+00  -7.1400870993e-01  -7.7202094204e-01  -2.4447624854e-01  
0 4.3723140954e+00  9.6220860920e+00  6.1390990040e+00  -1.3107564847e-01  1.9036474704e-01  -8.6794633359e-01  
0 -2.3338843415e-03  1.2257412233e+01  5.2650252198e+00  -4.2550861766e-02  -4.8751221168e-01  -3.1534475078e-01  
0 1.7381027268e+00  1.0494119303e+01  5.2358732737e+00  6.4480668736e-01  3.4177759758e-01  7.9973444443e-01  
0 8.6603350709e-01  1.3118745790e+01  6.1358506455e+00  4.7247374883e-01  4.2495413576e-01  -4.8145721596e-01  
0 2.6196058007e+00  1.1382438314e+01  6.1282178237e+00  1.4957477851e-01  -4.6628121169e-02  -4.2691215371e-01  
0 3.4941374761e+00  1.2246278605e+01  5.2459488109e+00  4.1785653683e-01  2.6274902865e-01  1.3155185063e-01  
0 4.3859939164e+00  1.3123375874e+01  6.1285266109e+00  -4.0926800529e-01  2.3493585823e-01  1.0181587570e-01  
0 2.6119697581e+00  9.6181049863e+00  7.8752315847e+00  3.9112696802e-01  1.5768587481e-01  2.9275068855e-02  
0 1.0501252335e-02  1.0494131313e+01  7.0129305195e+00  -6.1692057200e-01  3.8638966240e-01  -7.5159443049e-01  
0 7.2485062327e-03  1.2244307173e+01  8.7411192565e+00  -3.6372290506e-01  4.1919754805e-01  1.5381712393e-01  
0 1.7347620457e+00  1.0500424132e+01  8.7395785429e+00  5.7828992991e-01  -2.0288774878e-01  4.0734244556e-01  
0 1.7520253042e+00  1.2263547894e+01  6.9855455152e+00  -4.0192519975e-01  -6.7038726205e-01  7.6063145116e-01  
0 8.6997179711e-01  1.1370568027e+01  7.8822766642e+00  2.0519089751e-01  1.8503817168e-01  -4.6502809787e-01  
0 2.6097059127e+00  1.3122160685e+01  7.8732883792e+00  8.6737913304e-01  1.0361513368e-01  -3.4695541817e-02  
0 3.4959259993e+00  1.0508765716e+01  6.9909753201e+00  1.2056757711e-01  -4.9077705078e-01  6.2793285957e-01  
0 3.4882148747e+00  1.2241952062e+01  8.7420122522e+00  1.0175216509e-01  2.5646064895e-01  4.1526554944e-01  
0 4.3837884885e+00  1.1372129703e+01  7.8871119541e+00  -7.0412786515e-01  4.6179335792e-01  -4.3992084889e-01  
0 7.8752006575e+00  9.6391601183e+00  6.1363624368e+00  4.3132872590e-03  -5.0018582691e-01  -5.5645050252e-01  
0 5.2467325198e+00  1.0506708439e+01  5.2351483507e+00  -1.5111506231e-01  -1.1200826198e-01  8.7456009758e-01  
0 6.1142317727e+00  1.1384904997e+01  6.1255231250e+00  5.4158173176e-01  -2.5343937153e-01  6.3827911365e-02  
0 6.9922608139e+00  1.2236259450e+01  5.2608951122e+00  9.5366876346e-02  8.5609706023e-01  -6.2024306117e-01  
0 8.7626353220e+00  1.0493110302e+01  5.2394531346e+00  -5.6418346419e-01  2.3269014705e-01  7.8005489208e-01  
0 7.8594675640e+00  1.3138763847e+01  6.1099801664e+00  5.0261750938e-01  -7.4655253982e-01  1.0205905748e+00  
0 6.1195658834e+00  9.6332156468e+00  7.8661315613e+00  3.0261447786e-01  -1.0283571481e-02  3.7387755670e-01  
0 5.2442989860e+00  1.0511254588e+01  8.7645273378e+00  9.4594924328e-02  -5.0740969738e-01  -9.4591841120e-01  
0 5.2548206132e+00  1.2264131982e+01  7.0119391347e+00  -1.3173045847e-01  -6.7138514745e-01  -3.5414532188e-01  
0 6.1234625070e+00  1.3122806266e+01  7.8846735944e+00  2.1736371890e-01  3.7337216292e-01  -2.6196688397e-02  
0 6.9994448659e+00  1.0512013686e+01  6.9868526742e+00  -1.4320446442e-01  -1.0463254028e-01  7.9746659024e-01  
0 6.9916900100e+00  1.2264425429e+01  8.7580429843e+00  2.9362160761e-01  -7.2992999592e-01  -2.3196723376e-01  
0 8.7366122094e+00  1.0508988006e+01  8.7415668158e+00  5.5138223207e-01  -2.9218612388e-01  6.0724009642e-01  
0 8.7384246965e+00  1.2253897390e+01  6.9962437010e+00  2.8724220503e-01  -2.2124112175e-01  1.1655257220e-01  
0 7.8763644942e+00  1.1384136892e+01  7.8843280526e+00  -4.1808982715e-01  -5.0444903175e-02  -5.4618885422e-01  
0 1.1386036785e+01  9.6217222129e+00  6.1174449965e+00  -5.0766270881e-01  5.0211020961e-01  5.2993604982e-01  
0 9.6100037093e+00  1.1364391154e+01  6.1190547637e+00  8.6724175814e-01  4.5296332199e-01  2.2954530443e-01  
0 1.0492974822e+01  1.2243084637e+01  5.2368442000e+00  4.4946720787e-01  2.0083133423e-01  6.5904405199e-01  
0 1.2236512409e+01  1.0512852684e+01  5.2552338647e+00  6.1042475597e-01  -4.7806072014e-01  -2.5144053005e-01  
0 1.1387859452e+01  1.3122529147e+01  6.1352273876e+00  -1.0111583411e+00  -2.7376198616e-02  -3.5632683582e-01  
0 1.3109697180e+01  1.1381211399e+01  6.1248742980e+00  4.6266118686e-01  -2.5203853428e-01  4.1321563633e-01  
0 9.6323145492e+00  9.6256474527e+00  7.8902426698e+00  -5.0761424372e-01  1.0451626511e-01  -5.4766814084e-01  
0 1.3130693370e+01  9.6131933180e+00  7.8684366612e+00  -2.7527080661e-01  5.7643226014e-01  2.9931523237e-01  
0 9.6234874045e+00  1.3126008746e+01  7.8837753406e+00  -2.5215991369e-01  -5.4732802427e-02  -5.7810339726e-01  
0 1.0514617102e+01  1.0499303786e+01  7.0088395209e+00  -7.0510890032e-01  -1.5487526222e-01  -1.3804809728e-01  
0 1.0485903873e+01  1.2247714907e+01  8.7458809002e+00  5.0449078421e-01  3.7171513901e-02  5.1825661804e-01  
0 1.2263125661e+01  1.0498218620e+01  8.7610318089e+00  -8.2017622889e-01  -1.1726278028e-01  -5.4023498206e-01  
0 1.2243619233e+01  1.2256672534e+01  7.0136472927e+00  2.5666886679e-01  -2.4822416956e-01  -4.5659068562e-01  
0 1.1365762035e+01  1.1363495101e+01  7.8865703777e+00  4.2445055723e-01  6.6189347456e-01  -3.6991793545e-01  
0 1.3130364978e+01  1.3122153500e+01  7.8637382678e+00  -1.8431529220e-01  1.0345448357e-01  8.7997815282e-01  
0 8.7600816920e-01  2.6384823165e+00  9.6239564102e+00  -3.1258768785e-01  -7.9209164695e-01  1.5519030500e-01  
0 2.6103594196e+00  8.6548163742e-01  9.6094533758e+00  8.2833815605e-01  3.3623098787e-01  9.8618225351e-01  
0 4.3842642558e+00  2.6379621690e+00  9.6393829383e+00  -4.5428695915e-01  -6.7592688757e-01  -5.1682580162e-01  
0 2.6187943772e+00  4.3753464847e+00  9.6214926889e+00  3.1131502036e-01  -1.2287747325e-01  2.3902505876e-02  
0 1.3182435989e-02  -9.8397244051e-03  1.0510050602e+01  -4.9158479318e-01  4.1520795910e-01  -5.5610553430e-01  
0 -1.4713995319e-02  1.7385372563e+00  1.2264889714e+01  7.4910459340e-01  3.5157021360e-01  -4.4016118279e-01  
0 1.7463617099e+00  6.1846024083e-03  1.2240383925e+01  4.7090461582e-01  -9.7144605365e-02  7.8691936500e-01  
0 1.7454261503e+00  1.7458776155e+00  1.0511850160e+01  8.7342416845e-02  1.7928979433e-01  -5.8041655099e-01  
0 8.8826806512e-01  8.7116253417e-01  1.1389823533e+01  -7.4961145121e-01  4.9337278689e-02  -5.9828941076e-01  
0 8.8859946931e-01  2.6329218723e+00  1.3128781947e+01  -7.0778328075e-01  -4.7219052984e-01  8.4894318266e-02  
0 2.6297420855e+00  8.7910938903e-01  1.3130110356e+01  -2.2351214864e-01  -7.7409905986e-02  -9.2212421053e-02  
0 2.6158195628e+00  2.6176699691e+00  1.1371774621e+01  4.2029922512e-01  4.0350265600e-01  1.5880755364e-01  
0 3.5009392028e+00  -5.2403972184e-03  1.0494545749e+01  -2.0214689064e-01  3.3570718925e-01  1.6919602413e-01  
0 3.4891362565e+00  1.7447534675e+00  1.2242333192e+01  5.6808788668e-01  3.0487819703e-01  3.0274546001e-01  
0 4.3713032517e+00  8.8944660819e-01  1.1369984179e+01  1.7213696945e-01  -7.8298241796e-01  9.7831963189e-02  
0 4.3791431032e+00  2.6207166135e+00  1.3125134737e+01  -1.7978310738e-01  3.9156157597e-01  -3.0279909882e-01  
0 -8.6076066006e-03  3.4861698133e+00  1.0496459753e+01  3.9636140332e-01  7.5917976072e-01  1.0151985339e-01  
0 1.7441143558e+00  3.4999575637e+00  1.2236802074e+01  4.3428366016e-02  1.7456863339e-01  7.9893837714e-01  
0 8.6811388282e-01  4.3782844497e+00  1.1387747606e+01  2.1165187314e-01  -3.6467036324e-02  -7.5482605447e-01  
0 2.6187897422e+00  4.3842699074e+00  1.3134661776e+01  3.7058812916e-01  -4.1912198416e-01  -6.7151521847e-01  
0 3.5114619363e+00  3.4928776186e+00  1.0507726687e+01  -5.8237181805e-01  3.4263715441e-01  -2.9828573309e-01  
0 4.3849820797e+00  4.3797154984e+00  1.1365592638e+01  -6.1569544032e-01  -2.1632123717e-01  6.1646764990e-01  
0 6.1139376306e+00  8.8554866578e-01  9.6316921696e+00  5.0790589197e-01  -6.7251030556e-01  -9.5181684078e-03  
0 7.8619256670e+00  2.6337874386e+00  9.6164030870e+00  4.8067945902e-01  -5.6541675288e-01  5.8878939392e-01  
0 6.1257355706e+00  4.3701021793e+00  9.6230416282e+00  1.8168073312e-01  6.5893337038e-01  3.2114118888e-02  
0 5.2487632248e+00  -1.1673162972e-02  1.2247757959e+01  6.5565498184e-02  5.9557215578e-01  2.4433827998e-01  
0 5.2579599587e+00  1.7405176704e+00  1.0508806384e+01  -6.0297222033e-01  6.2265943350e-01  -2.6622406634e-01  
0 6.1281768478e+00  8.6022533843e-01  1.3132129758e+01  -1.2170955489e-01  7.7973105881e-01  -5.0795518858e-01  
0 6.1113539300e+00  2.6328714725e+00  1.1359783986e+01  8.6210320407e-01  -3.7787125277e-01  7.2191095646e-01  
0 6.9879830944e+00  -3.5858889658e-03  1.0503054959e+01  6.5998528032e-01  6.6380920430e-02  2.8238088076e-01  
0 7.0115046611e+00  1.7583010878e+00  1.2239538522e+01  -6.5045055846e-01  -2.7050139863e-01  2.1151627028e-01  
0 8.7390744790e+00  1.2146611810e-02  1.2257313129e+01  4.7602694948e-01  -7.5436264480e-01  -3.4085869593e-01  
0 8.7597306856e+00  1.7350900784e+00  1.0500507458e+01  -1.7059031685e-01  6.2640223602e-01  4.4570225172e-02  
0 7.8855345761e+00  8.7657432491e-01  1.1381543393e+01  -5.1739915897e-01  1.4080930909e-02  -4.9952259629e-01  
0 7.8724430864e+00  2.6146752602e+00  1.3110328114e+01  2.6252183172e-01  6.6665538970e-01  4.6060996544e-01  
0 5.2577103998e+00  3.5134571052e+00  1.2251926080e+01  -1.8776460779e-01  -6.1518292564e-01  -2.7823862501e-01  
0 6.1347920076e+00  4.3823469274e+00  1.3126878206e+01  -2.7943328426e-01  -2.7112321486e-01  -2.3795519080e-01  
0 6.9852561488e+00  3.4954906145e+00  1.0484082082e+01  7.4168577081e-01  3.5055736156e-01  6.4925709008e-01  
0 8.7590077811e+00  3.5017814898e+00  1.2245829581e+01  -2.0015094677e-01  -2.5519208332e-01  7.5847680435e-03  
0 7.8896019051e+00  4.3699680067e+00  1.1389754280e+01  -7.0861593452e-01  2.9351071426e-01  -1.0995218196e+00  
0 9.6383868108e+00  8.6755732498e-01  9.6370259213e+00  -5.8067715358e-01  2.3306525758e-01  -6.7962708292e-01  
0 1.1367244574e+01  2.6239785135e+00  9.6155465562e+00  3.3082619458e-01  -1.0869678642e-01  2.7925030177e-01  
0 1.3130156013e+01  8.7458370138e-01  9.6267666116e+00  5.0409934453e-02  -8.8439168227e-02  1.4422635836e-01  
0 9.6114794668e+00  4.3732221453e+00  9.6320377321e+00  6.3322708641e-01  1.6362199659e-01  -2.4256871144e-01  
0 1.3137261728e+01  4.3857016561e+00  9.6259657130e+00  -4.4961039077e-01  -8.8572006169e-01  -2.0653951525e-01  
0 9.6156440757e+00  8.5973852063e-01  1.3132814612e+01  4.0245599030e-01  6.9099408197e-01  -3.2668016183e-01  
0 9.6366959038e+00  2.6099245566e+00  1.1377693942e+01  -2.3641042136e-01  5.9862429164e-01  -9.1168122806e-02  
0 1.0514540678e+01  1.0782846652e-02  1.0495331538e+01  -5.2919106346e-01  -5.2445600439e-01  3.6613470034e-01  
0 1.0507284094e+01  1.7463854747e+00  1.2252526726e+01  -2.8250221798e-01  1.1006096632e-02  -2.7536971991e-02  
0 1.2250127210e+01  -4.8595197073e-03  1.2253095193e+01  5.6655252647e-02  -7.9937143387e-02  -2.5130168464e-01  
0 1.2253404631e+01  1.7378660251e+00  1.0512944084e+01  -1.2404983384e-01  5.5712769585e-01  -6.2197719770e-01  
0 1.1372376789e+01  8.7279753495e-01  1.1382651421e+01  5.0392651735e-01  4.0742859672e-02  -1.0687283645e-01  
0 1.1376174089e+01  2.6373971797e+00  1.3124894532e+01  -1.2074164198e-01  -5.6201691312e-01  1.1058821808e-01  
0 1.3122313946e+01  8.6062069718e-01  1.3127992456e+01  -1.8541441594e-01  4.8292177209e-01  -3.6806051151e-02  
0 1.3120114709e+01  2.6386498286e+00  1.1365512024e+01  -6.5453633043e-03  -9.9046847883e-01  6.2278943069e-01  
0 9.6264635814e+00  4.3708208076e+00  1.3115509506e+01  -9.0794563743e-02  2.8224309750e-01  4.9497852283e-01  
0 1.0508800656e+01  3.5067836254e+00  1.0505641212e+01  -4.5733844565e-01  -4.9315369263e-01  -4.4437427501e-01  
0 1.2248000393e+01  3.4994513890e+00  1.2258877294e+01  7.8887878652e-02  2.6062881202e-01  -4.9889102648e-01  
0 1.1380796070e+01  4.3758655880e+00  1.1364320543e+01  -8.7809848005e-02  1.6266007177e-01  4.9989600923e-01  
0 1.3124114048e+01  4.3791176826e+00  1.3116428227e+01  -4.0996733449e-01  -1.7837636410e-01  3.5274147797e-01  
0 8.6753736093e-01  6.1244311712e+00  9.6159541439e+00  5.5184420920e-01  1.0419847195e-01  4.5314537091e-01  
0 4.3736694366e+00  6.1385084561e+00  9.6197624985e+00  -9.7095022591e-02  -8.7708043321e-01  8.0714523498e-02  
0 2.6223433663e+00  7.8876645125e+00  9.6388074198e+00  3.6781434056e-01  -9.5262260890e-01  -5.9539371306e-01  
0 -1.0249288055e-02  5.2558426387e+00  1.2237475566e+01  5.6547753460e-01  -8.7934772678e-02  9.0280913442e-01  
0 1.7497992456e+00  5.2593836357e+00  1.0501995461e+01  1.5432087675e-03  -5.3470565693e-01  3.2452608713e-02  
0 8.8421270613e-01  6.1356356808e+00  1.3139285782e+01  -5.6907338885e-01  -1.4166818084e-01  -6.5432480234e-01  
0 2.6386734925e+00  6.1223141222e+00  1.1384205053e+01  -5.5382045298e-01  2.1310535708e-01  -4.6162411342e-01  
0 3.4948565850e+00  5.2584237663e+00  1.2256426694e+01  3.7418733005e-01  -2.8429053083e-01  -4.4270913044e-01  
0 4.3889469420e+00  6.1194140330e+00  1.3118112788e+01  -4.8337280552e-01  4.0048652395e-02  4.8681971540e-01  
0 -3.2190070512e-03  6.9976945095e+00  1.0506973512e+01  9.2388128464e-02  1.7010978346e-01  -6.3822087961e-01  
0 -1.9686044932e-03  8.7448682834e+00  1.2255673379e+01  1.1933324985e-01  3.5206737982e-01  -5.1450623119e-01  
0 1.7517415589e+00  7.0096891063e+00  1.2247489498e+01  1.7425666024e-01  -4.9219068881e-01  3.5789781721e-01  
0 1.7625193418e+00  8.7457029111e+00  1.0491146996e+01  -8.4512660525e-01  1.5694718396e-01  3.9153970323e-01  
0 8.8004011711e-01  7.8716890332e+00  1.1370895822e+01  -7.9908756823e-02  1.4128088123e-01  2.4248194091e-01  
0 2.6378487138e+00  7.8621721024e+00  1.3136962150e+01  -4.8810625667e-01  6.6277004574e-01  -5.2888059930e-01  
0 3.5098731267e+00  6.9852538360e+00  1.0502170619e+01  -3.8035374349e-01  5.8532213011e-01  1.3759529592e-01  
0 3.4854060448e+00  8.7363844286e+00  1.2261633099e+01  9.6303806611e-01  6.6640815777e-01  -5.2076729596e-01  
0 4.3769740408e+00  7.8774926854e+00  1.1374180293e+01  -1.3128370666e-01  -4.8972535174e-01  1.7723163119e-01  
0 7.8752306702e+00  6.1258124445e+00  9.6370895395e+00  -5.9741274979e-02  1.5475133667e-01  -7.6867485524e-01  
0 6.1137613267e+00  7.8652797635e+00  9.6117204597e+00  4.3508459818e-01  4.1482120984e-01  5.3286266370e-01  
0 5.2509116795e+00  5.2393123263e+00  1.0492769748e+01  -5.7595213628e-02  7.4444469089e-01  2.4578365566e-01  
0 6.1098596005e+00  6.1297387092e+00  1.1386725578e+01  1.0763270227e+00  -2.8223573450e-01  -6.5085423162e-01  
0 6.9975724347e+00  5.2520383985e+00  1.2244972901e+01  3.6804754588e-01  -1.3055556814e-02  5.1182707030e-01  
0 8.7639423075e+00  5.2578443464e+00  1.0484539672e+01  -7.6805619855e-01  -3.3123785790e-01  8.6202113292e-01  
0 7.8900870243e+00  6.1276709626e+00  1.3138477502e+01  -6.6231376542e-01  -1.3515841665e-01  -3.8004778401e-01  
0 5.2613517142e+00  6.9944368589e+00  1.2261527299e+01  -6.1314212261e-01  1.9259240092e-01  -5.7665831818e-01  
0 5.2393275377e+00  8.7362759472e+00  1.0484867248e+01  2.0039875001e-01  4.1181376766e-01  6.5278310489e-01  
0 6.1131679802e+00  7.8707637646e+00  1.3116749823e+01  7.0959729486e-01  6.8853249781e-02  5.8717953703e-01  
0 7.0084919832e+00  7.0059156826e+00  1.0495652975e+01  -4.4919227789e-01  -4.4614256176e-01  2.9829579050e-01  
0 7.0096751576e+00  8.7505776599e+00  1.2239583178e+01  -5.5532184408e-01  -1.8585116646e-01  5.2656323171e-01  
0 8.7497354273e+00  6.9860696583e+00  1.2256879651e+01  2.4974002891e-01  4.2584859191e-01  -3.4520334202e-01  
0 8.7388020134e+00  8.7629054526e+00  1.0509038221e+01  7.0759621776e-01  -7.0773982822e-01  -2.2675229836e-01  
0 7.8848834917e+00  7.8691115007e+00  1.1381697244e+01  -5.8167537761e-01  3.2644226530e-01  -2.5907421107e-01  
0 1.1386341803e+01  6.1300604028e+00  9.6106803296e+00  -5.0879726401e-01  -3.1762656444e-01  7.1890974570e-01  
0 9.6340254999e+00  7.8599592140e+00  9.6294709660e+00  -5.0144413355e-01  8.9441643497e-01  -1.0596423672e-01  
0 1.3114287621e+01  7.8700744999e+00  9.6265682308e+00  3.8950917019e-01  3.9750646868e-01  -1.4679564544e-01  
0 9.6167121862e+00  6.1177118819e+00  1.1372237557e+01  6.5237731401e-01  3.0899006667e-01  1.1063452761e-01  
0 1.0494990750e+01  5.2595275365e+00  1.2251570314e+01  1.5217074602e-01  -3.6147232502e-01  -1.9885313433e-01  
0 1.2262582562e+01  5.2401504655e+00  1.0505786986e+01  -1.9966280489e-01  7.0647100378e-01  -6.2000074970e-01  
0 1.1370783508e+01  6.1366652621e+00  1.3128859449e+01  2.5888416095e-01  -6.0720515719e-01  -1.4048327601e-01  
0 1.3135686575e+01  6.1384065423e+00  1.1372545958e+01  -5.7727069894e-01  -5.7708829524e-01  3.0095193731e-01  
0 9.6355826188e+00  7.8724583021e+00  1.3117408420e+01  -5.1114027724e-01  1.2200968197e-01  2.4671266709e-01  
0 1.0505975479e+01  7.0044620698e+00  1.0509290330e+01  -2.2613072474e-01  -2.3885388360e-01  -4.2828065359e-01  
0 1.0486575401e+01  8.7647695565e+00  1.2235125171e+01  7.2317578086e-01  -8.9948683491e-01  8.2906181358e-01  
0 1.2245855483e+01  6.9954228408e+00  1.2248386108e+01  4.0753524360e-02  5.7700754384e-01  2.4723104524e-01  
0 1.2258962586e+01  8.7496033942e+00  1.0513004354e+01  -5.3397696748e-01  -6.6162288884e-02  -6.7043090904e-01  
0 1.1373480579e+01  7.8774605042e+00  1.1383650344e+01  -1.8307993729e-02  -4.7993607951e-02  -4.5723567134e-01  
0 1.3110016747e+01  7.8899429232e+00  1.3116283506e+01  5.5334287321e-01  -6.5900414940e-01  4.9087257915e-01  
0 8.6637670101e-01  9.6148751064e+00  9.6165906602e+00  2.5934002489e-01  4.7783821930e-01  1.2311022761e-01  
0 4.3634783027e+00  9.6092461644e+00  9.6142273486e+00  5.4620275011e-01  7.5143876890e-01  6.6295160058e-01  
0 8.7697505013e-01  1.3129139834e+01  9.6142935807e+00  5.9586308261e-03  -3.6697636734e-01  5.7803841805e-01  
0 2.6131617029e+00  1.1362029317e+01  9.6216462140e+00  1.3211904872e-01  4.4367814575e-01  -1.3907616155e-01  
0 4.3613422720e+00  1.3135280458e+01  9.6350135122e+00  5.1209686430e-01  -5.6677323036e-01  -6.1938062419e-01  
0 8.6624628875e-01  9.6208866505e+00  1.3124393493e+01  4.1230624251e-01  3.3179294413e-02  -3.6373678094e-01  
0 2.6256808404e+00  9.6288508383e+00  1.1378021960e+01  -3.0086598932e-01  -2.7905983359e-01  -1.7440213117e-02  
0 4.3778129317e+00  9.6382337433e+00  1.3120243994e+01  -4.3761284507e-01  -4.9133910984e-01  4.3122180586e-01  
0 9.4211391490e-03  1.0510190807e+01  1.0489467690e+01  -3.8629769766e-01  -5.9832706899e-01  5.0422629583e-01  
0 1.1064842769e-03  1.2245591351e+01  1.2240667454e+01  2.3658643766e-02  8.4729479636e-02  5.6799521644e-01  
0 1.7469297756e+00  1.0499596787e+01  1.2237016958e+01  -1.8249950881e-03  4.9114999288e-02  7.0501489258e-01  
0 1.7364925241e+00  1.2250087690e+01  1.0494529353e+01  8.1008515938e-01  -1.2774531421e-01  1.6522356053e-01  
0 8.8814810124e-01  1.1367532781e+01  1.1386038251e+01  -7.8746538616e-01  4.7531621435e-01  -8.9380933143e-01  
0 8.8793773230e-01  1.3136915090e+01  1.3120520140e+01  -5.6127676141e-01  -3.8428515952e-01  2.8639091738e-01  
0 2.6101446332e+00  1.1383808130e+01  1.3129975815e+01  7.0066186727e-01  -4.4407236040e-02  -3.6074732746e-01  
0 2.6380421232e+00  1.3131180741e+01  1.1374443227e+01  -7.5736947566e-01  -1.5031573013e-01  -2.7425757020e-01  
0 3.4867089705e+00  1.0497463650e+01  1.0487387649e+01  4.6883971278e-01  -1.0386699794e-01  6.2711215891e-01  
0 3.4882551388e+00  1.2256445958e+01  1.2239257474e+01  5.2133457189e-01  -2.4964708749e-04  5.3123808506e-01  
0 4.3870735507e+00  1.1388102699e+01  1.1388552867e+01  -7.8575049554e-01  -8.2011602262e-01  -9.4493505445e-01  
0 4.3765802756e+00  1.3135528687e+01  1.3119134301e+01  -2.0091906144e-01  -2.8408106398e-01  2.2952849934e-01  
0 7.8757412457e+00  9.6186696663e+00  9.6170576844e+00  -3.5874805082e-01  4.5218402427e-01  4.6212014849e-01  
0 6.1224959294e+00  1.1386740654e+01  9.6154318851e+00  -1.8830341437e-01  -5.4306414108e-01  5.5433218409e-01  
0 7.8753690649e+00  1.3115351535e+01  9.6245652802e+00  -2.5395796720e-01  7.4412356486e-01  2.2332458530e-01  
0 6.1184993767e+00  9.6137956394e+00  1.1376181672e+01  2.0848564424e-01  3.6390199827e-01  -5.5508689018e-01  
0 7.8712515191e+00  9.6256030550e+00  1.3137340085e+01  3.2905852519e-01  -7.2598935696e-02  -8.3702376787e-01  
0 5.2449447472e+00  1.0491791145e+01  1.2249393634e+01  1.7018073419e-01  2.9356364134e-01  -9.2349978707e-02  
0 5.2427147422e+00  1.2239984090e+01  1.0486361308e+01  3.4122513020e-01  6.3878652808e-01  8.5535775105e-01  
0 6.1250681635e+00  1.1365955554e+01  1.3114210889e+01  1.5624482765e-01  1.1194287971e-01  5.1611324730e-01  
0 6.1359004645e+00  1.3125985257e+01  1.1389799750e+01  -6.7097595345e-01  -2.0751023458e-01  -7.6541981931e-01  
0 7.0017306832e+00  1.0503386223e+01  1.0488663542e+01  -1.8880550903e-01  4.6790558734e-02  3.1102071517e-01  
0 7.0071759673e+00  1.2235921642e+01  1.2258157780e+01  -4.1295473349e-01  5.2648859708e-01  -5.5707550455e-01  
0 8.7572287624e+00  1.0513507930e+01  1.2250888499e+01  -4.2312630012e-01  -5.0994159275e-01  5.9101763382e-02  
0 8.7602913495e+00  1.2252957050e+01  1.0507797184e+01  -5.8979495521e-01  6.9838228911e-02  -4.5630838944e-01  
0 7.8713509752e+00  1.1379765984e+01  1.1367531811e+01  3.6144939185e-01  -2.0565575872e-01  4.2230601132e-01  
0 7.8601974052e+00  1.3132637853e+01  1.3124563031e+01  7.1200291387e-01  -3.8009742231e-01  1.9522747338e-01  
0 1.1364053964e+01  9.6156103385e+00  9.6127292027e+00  4.8413494511e-01  3.2511866687e-01  9.6108766876e-01  
0 9.6208480402e+00  1.1378942970e+01  9.6343674450e+00  -1.5224866375e-02  -1.0868582031e-01  -9.7526713397e-02  
0 1.1374753482e+01  1.3129587861e+01  9.6289611156e+00  1.9078874465e-01  -1.4998359137e-01  -3.0722426074e-01  
0 1.3118699259e+01  1.1376186277e+01  9.6200876220e+00  5.1811814767e-01  1.0961467181e-03  1.2450872128e-01  
0 9.6284086124e+00  9.6196810849e+00  1.1386026360e+01  -4.4305742069e-01  6.2199703603e-01  -5.3169148130e-01  
0 1.1377007620e+01  9.6249112119e+00  1.3111852138e+01  -2.4964129049e-01  1.5225533826e-01  5.9320117781e-01  
0 1.3123884039e+01  9.6368779118e+00  1.1367498729e+01  1.6097680465e-01  -5.1818258536e-01  2.6470190754e-01  
0 9.6234173601e+00  1.1386974361e+01  1.3116881652e+01  -1.2068923530e-01  -2.2348100865e-01  3.9761005747e-01  
0 9.6291218088e+00  1.3130651263e+01  1.1369831570e+01  -1.6577546402e-01  -1.4319229348e-01  3.0061295038e-01  
0 1.0492012931e+01  1.0494980860e+01  1.0511894341e+01  3.1748390201e-01  1.9119549644e-01  -6.1019273184e-01  
0 1.0493716623e+01  1.2248671385e+01  1.2240617407e+01  5.9785730741e-01  4.1361629990e-01  5.6038629170e-01  
0 1.2250980320e+01  1.0485163042e+01  1.2250748092e+01  -5.1333434127e-02  1.0254821337e+00  -7.6022531761e-02  
0 1.2256364277e+01  1.2247017038e+01  1.0491855896e+01  -2.9183693844e-01  1.7214812612e-01  2.5236757490e-01  
0 1.1388321522e+01  1.1384158079e+01  1.1382563703e+01  -5.6177076197e-01  -5.4294977052e-01  -4.3975375627e-01  
0 1.1389660188e+01  1.3131018640e+01  1.3119905399e+01  -7.5363047437e-01  -2.7712014972e-01  2.6023215564e-01  
0 1.3120333736e+01  1.1382058523e+01  1.3131627961e+01  2.4098621279e-01  -4.1491362905e-01  -2.5891474352e-01  
0 1.3119609048e+01  1.3122659497e+01  1.1363361292e+01  5.9384501307e-01  -7.5289363079e-02  3.5518718864e-01  
