This is potfit-0.7.1 compiled on Jan 17 2016, 22:05:00.

Reading parameter file >> lj.param << ... done
Starting to read the potential file:
 - Potential file format 0 (analytic potentials) detected
 - Using 1 PAIR potentials to calculate forces
 - Read 1 global parameter(s)
 - Successfully read 1 potential table(s)
You defined global parameters but did not use them.
Disabling global parameters.

Reading potential file >> lj.pot << ... done
Reading the config file >> sys_c.force << and calculating neighbor lists ...done

Read 1 configurations (1 with forces, 0 with stresses)
with a total of 128 atoms (128 Ar (100.00%)).

Minimal Distances Matrix:
Atom	      Ar	with
Ar	2.231154	

Global energy weight: 100.000000

Starting optimization with 2 parameters.
  k	T        	  m	F          	Fopt
  0	10.000000	  0	2233.741794	2233.741794
  0	10.000000	  1	76.896019	76.896019
  0	10.000000	  2	3.004524	3.004524
  0	10.000000	  3	2.364865	0.671673
  0	10.000000	  4	19.509831	0.338284
  0	10.000000	  5	2.119554	0.147876
  0	10.000000	  6	9.398957	0.147876
  1	8.500000	  1	11.383465	0.071972
  1	8.500000	  2	7.719652	0.071972
  1	8.500000	  3	10.426051	0.071972
  1	8.500000	  4	0.875103	0.071972
  1	8.500000	  5	30.888165	0.071972
  1	8.500000	  6	20.260714	0.071972
  2	7.225000	  1	11.971071	0.071972
  2	7.225000	  2	22.118488	0.071972
  2	7.225000	  3	1.668731	0.071972
  2	7.225000	  4	28.861120	0.071972
  2	7.225000	  5	6.499663	0.071972
  2	7.225000	  6	0.940397	0.071972
  3	6.141250	  1	5.439964	0.071972
  3	6.141250	  2	0.660479	0.071972
  3	6.141250	  3	3.698009	0.071972
  3	6.141250	  4	7.690429	0.071972
  3	6.141250	  5	2.927773	0.071972
  3	6.141250	  6	2.357620	0.071972
  4	5.220062	  1	3.040904	0.071972
  4	5.220062	  2	2.516516	0.071972
  4	5.220062	  3	1.245180	0.071972
  4	5.220062	  4	3.019744	0.071972
  4	5.220062	  5	1.332015	0.071972
  4	5.220062	  6	8.848829	0.071972
  5	4.437053	  1	6.826934	0.071972
  5	4.437053	  2	11.694633	0.071972
  5	4.437053	  3	3.091247	0.071972
  5	4.437053	  4	2.483660	0.071972
  5	4.437053	  5	0.880642	0.071972
  5	4.437053	  6	1.789039	0.071972
  6	3.771495	  1	12.732630	0.071972
  6	3.771495	  2	2.094250	0.071972
  6	3.771495	  3	3.453445	0.071972
  6	3.771495	  4	4.066440	0.071972
  6	3.771495	  5	3.464477	0.071972
  6	3.771495	  6	7.017679	0.071972
  7	3.205771	  1	0.204534	0.071972
  7	3.205771	  2	0.870786	0.071972
  7	3.205771	  3	3.293817	0.071972
  7	3.205771	  4	3.900888	0.071972
  7	3.205771	  5	9.472138	0.071972
  7	3.205771	  6	2.622933	0.071972
  8	2.724905	  1	0.873621	0.071972
  8	2.724905	  2	2.401483	0.071972
  8	2.724905	  3	2.745489	0.071972
  8	2.724905	  4	0.847002	0.071972
  8	2.724905	  5	0.722959	0.071972
  8	2.724905	  6	0.681197	0.071972
  9	2.316169	  1	0.454744	0.071972
  9	2.316169	  2	3.425487	0.071972
  9	2.316169	  3	2.251433	0.071972
  9	2.316169	  4	1.872042	0.071972
  9	2.316169	  5	2.082681	0.071972
  9	2.316169	  6	0.545967	0.071972
 10	1.968744	  1	1.832974	0.071972
 10	1.968744	  2	0.297652	0.071972
 10	1.968744	  3	1.465007	0.070083
 10	1.968744	  4	2.366244	0.070083
 10	1.968744	  5	3.625685	0.070083
 10	1.968744	  6	0.418835	0.070083
 11	1.673432	  1	2.478259	0.070083
 11	1.673432	  2	2.879416	0.070083
 11	1.673432	  3	1.869068	0.070083
 11	1.673432	  4	0.251214	0.070083
 11	1.673432	  5	0.475998	0.070083
 11	1.673432	  6	2.954693	0.070083
 12	1.422418	  1	1.293685	0.070083
 12	1.422418	  2	1.459824	0.070083
 12	1.422418	  3	1.096370	0.070083
 12	1.422418	  4	1.307814	0.070083
 12	1.422418	  5	4.040613	0.070083
 12	1.422418	  6	0.200827	0.070083
 13	1.209055	  1	0.360791	0.070083
 13	1.209055	  2	0.515803	0.070083
 13	1.209055	  3	0.329243	0.070083
 13	1.209055	  4	4.539989	0.070083
 13	1.209055	  5	1.120201	0.070083
 13	1.209055	  6	1.308888	0.070083
 14	1.027697	  1	0.452157	0.070083
 14	1.027697	  2	1.200265	0.070083
 14	1.027697	  3	1.073288	0.070083
 14	1.027697	  4	1.900203	0.070083
 14	1.027697	  5	0.478290	0.070083
 14	1.027697	  6	1.244291	0.070083
 15	0.873542	  1	1.256126	0.070083
 15	0.873542	  2	0.123869	0.070083
 15	0.873542	  3	1.598268	0.070083
 15	0.873542	  4	0.247512	0.070083
 15	0.873542	  5	0.637271	0.070083
 15	0.873542	  6	0.562393	0.070083
 16	0.742511	  1	0.350560	0.070083
 16	0.742511	  2	0.472829	0.070083
 16	0.742511	  3	0.752225	0.070083
 16	0.742511	  4	0.382376	0.070083
 16	0.742511	  5	0.901201	0.070083
 16	0.742511	  6	1.216859	0.070083
 17	0.631134	  1	0.367605	0.070083
 17	0.631134	  2	0.610418	0.070083
 17	0.631134	  3	0.089799	0.070083
 17	0.631134	  4	1.540258	0.070083
 17	0.631134	  5	1.242563	0.070083
 17	0.631134	  6	0.685750	0.070083
 18	0.536464	  1	0.149203	0.070083
 18	0.536464	  2	0.429131	0.070083
 18	0.536464	  3	0.121182	0.070083
 18	0.536464	  4	0.130231	0.070083
 18	0.536464	  5	0.469387	0.070083
 18	0.536464	  6	0.290708	0.070083
 19	0.455994	  1	0.112432	0.070083
 19	0.455994	  2	0.921554	0.070083
 19	0.455994	  3	0.408605	0.070083
 19	0.455994	  4	0.103894	0.070083
 19	0.455994	  5	1.687415	0.070083
 19	0.455994	  6	0.384909	0.070083
 20	0.387595	  1	0.221520	0.070083
 20	0.387595	  2	0.610732	0.070083
 20	0.387595	  3	0.382742	0.070083
 20	0.387595	  4	0.514520	0.069418
 20	0.387595	  5	0.642770	0.069418
 20	0.387595	  6	0.682624	0.069418
 21	0.329456	  1	0.138047	0.068789
 21	0.329456	  2	0.110720	0.068789
 21	0.329456	  3	0.227397	0.068789
 21	0.329456	  4	0.188289	0.068789
 21	0.329456	  5	0.115487	0.068789
 21	0.329456	  6	0.302129	0.068789
 22	0.280038	  1	1.545770	0.068789
 22	0.280038	  2	0.095206	0.068789
 22	0.280038	  3	0.321981	0.068789
 22	0.280038	  4	0.072565	0.067876
 22	0.280038	  5	1.632563	0.067876
 22	0.280038	  6	0.191760	0.067876
 23	0.238032	  1	0.399381	0.067876
 23	0.238032	  2	0.099547	0.067876
 23	0.238032	  3	0.149127	0.067876
 23	0.238032	  4	0.127450	0.067876
 23	0.238032	  5	0.186950	0.067876
 23	0.238032	  6	0.140962	0.067876
 24	0.202327	  1	0.125755	0.067876
 24	0.202327	  2	0.227168	0.067876
 24	0.202327	  3	0.165731	0.067876
 24	0.202327	  4	0.270374	0.067876
 24	0.202327	  5	0.306527	0.067876
 24	0.202327	  6	0.073993	0.067876
 25	0.171978	  1	0.074443	0.067876
 25	0.171978	  2	0.073755	0.067876
 25	0.171978	  3	0.117597	0.067876
 25	0.171978	  4	0.219076	0.067876
 25	0.171978	  5	0.904281	0.067876
 25	0.171978	  6	0.292612	0.067876
 26	0.146181	  1	0.088171	0.067876
 26	0.146181	  2	0.074497	0.067860
 26	0.146181	  3	0.077600	0.067860
 26	0.146181	  4	0.108882	0.067860
 26	0.146181	  5	0.076136	0.067860
 26	0.146181	  6	0.442885	0.067860
 27	0.124254	  1	0.220245	0.067860
 27	0.124254	  2	0.164082	0.067860
 27	0.124254	  3	0.179530	0.067860
 27	0.124254	  4	0.134258	0.067860
 27	0.124254	  5	0.167509	0.067860
 27	0.124254	  6	0.135671	0.067860
 28	0.105616	  1	0.221956	0.067860
 28	0.105616	  2	0.133617	0.067860
 28	0.105616	  3	0.125559	0.067860
 28	0.105616	  4	0.152589	0.067860
 28	0.105616	  5	0.073255	0.067860
 28	0.105616	  6	0.145225	0.067860
 29	0.089774	  1	0.118459	0.067860
 29	0.089774	  2	0.068580	0.067860
 29	0.089774	  3	0.122167	0.067860
 29	0.089774	  4	0.139849	0.067860
 29	0.089774	  5	0.166139	0.067860
 29	0.089774	  6	0.100471	0.067860
 30	0.076308	  1	0.127847	0.067860
 30	0.076308	  2	0.098418	0.067860
 30	0.076308	  3	0.112555	0.067860
 30	0.076308	  4	0.069434	0.067860
 30	0.076308	  5	0.104218	0.067512
 30	0.076308	  6	0.069982	0.067512
 31	0.064861	  1	0.072692	0.067421
 31	0.064861	  2	0.102883	0.067421
 31	0.064861	  3	0.082431	0.067421
 31	0.064861	  4	0.077747	0.067421
 31	0.064861	  5	0.114769	0.067421
 31	0.064861	  6	0.089615	0.067421
 32	0.055132	  1	0.087384	0.067421
 32	0.055132	  2	0.131335	0.067421
 32	0.055132	  3	0.075001	0.067421
 32	0.055132	  4	0.108144	0.067421
 32	0.055132	  5	0.200261	0.067421
 32	0.055132	  6	0.146313	0.067421
 33	0.046862	  1	0.102752	0.067421
 33	0.046862	  2	0.084516	0.067421
 33	0.046862	  3	0.111153	0.067421
 33	0.046862	  4	0.174200	0.067421
 33	0.046862	  5	0.131368	0.067421
 33	0.046862	  6	0.260392	0.067421
 34	0.039833	  1	0.136432	0.067421
 34	0.039833	  2	0.117925	0.067421
 34	0.039833	  3	0.101496	0.067421
 34	0.039833	  4	0.097677	0.067421
 34	0.039833	  5	0.154917	0.067421
 34	0.039833	  6	0.075131	0.067421
 35	0.033858	  1	0.090269	0.067421
 35	0.033858	  2	0.105398	0.067421
 35	0.033858	  3	0.080711	0.067421
 35	0.033858	  4	0.072616	0.067421
 35	0.033858	  5	0.088747	0.067421
 35	0.033858	  6	0.067603	0.067421
 36	0.028779	  1	0.068383	0.067421
 36	0.028779	  2	0.104259	0.067421
 36	0.028779	  3	0.078445	0.067421
 36	0.028779	  4	0.067462	0.067421
 36	0.028779	  5	0.071172	0.067421
 36	0.028779	  6	0.068180	0.067421
 37	0.024462	  1	0.080622	0.067421
 37	0.024462	  2	0.070092	0.067421
 37	0.024462	  3	0.073501	0.067421
 37	0.024462	  4	0.069371	0.067421
 37	0.024462	  5	0.079405	0.067421
 37	0.024462	  6	0.114257	0.067421
 38	0.020793	  1	0.082175	0.067421
 38	0.020793	  2	0.128248	0.067421
 38	0.020793	  3	0.090457	0.067421
 38	0.020793	  4	0.068649	0.067421
 38	0.020793	  5	0.098654	0.067421
 38	0.020793	  6	0.096841	0.067421
 39	0.017674	  1	0.132800	0.067421
 39	0.017674	  2	0.085367	0.067421
 39	0.017674	  3	0.147671	0.067421
 39	0.017674	  4	0.102113	0.067421
 39	0.017674	  5	0.071566	0.067421
 39	0.017674	  6	0.090154	0.067421
 40	0.015023	  1	0.084722	0.067421
 40	0.015023	  2	0.068601	0.067421
 40	0.015023	  3	0.088166	0.067421
 40	0.015023	  4	0.072521	0.067421
 40	0.015023	  5	0.069905	0.067421
 40	0.015023	  6	0.083460	0.067421
 41	0.012770	  1	0.078018	0.067421
 41	0.012770	  2	0.093220	0.067421
 41	0.012770	  3	0.068850	0.067421
 41	0.012770	  4	0.077245	0.067421
 41	0.012770	  5	0.072788	0.067421
 41	0.012770	  6	0.067961	0.067421
 42	0.010854	  1	0.080139	0.067421
 42	0.010854	  2	0.088104	0.067421
 42	0.010854	  3	0.070613	0.067421
 42	0.010854	  4	0.067727	0.067421
 42	0.010854	  5	0.067960	0.067421
 42	0.010854	  6	0.103922	0.067421
 43	0.009226	  1	0.074696	0.067421
 43	0.009226	  2	0.067917	0.067421
 43	0.009226	  3	0.071730	0.067421
 43	0.009226	  4	0.090639	0.067421
 43	0.009226	  5	0.070365	0.067421
 43	0.009226	  6	0.067819	0.067421
 44	0.007842	  1	0.071628	0.067421
 44	0.007842	  2	0.069656	0.067421
 44	0.007842	  3	0.072590	0.067421
 44	0.007842	  4	0.074560	0.067421
 44	0.007842	  5	0.093445	0.067421
 44	0.007842	  6	0.067698	0.067421
 45	0.006666	  1	0.071216	0.067421
 45	0.006666	  2	0.079159	0.067421
 45	0.006666	  3	0.074868	0.067421
 45	0.006666	  4	0.068628	0.067421
 45	0.006666	  5	0.073757	0.067421
 45	0.006666	  6	0.072681	0.067421
 46	0.005666	  1	0.067813	0.067421
 46	0.005666	  2	0.083756	0.067421
 46	0.005666	  3	0.072643	0.067421
 46	0.005666	  4	0.075427	0.067421
 46	0.005666	  5	0.071357	0.067421
 46	0.005666	  6	0.070612	0.067421
 47	0.004816	  1	0.069682	0.067421
 47	0.004816	  2	0.068342	0.067421
 47	0.004816	  3	0.068968	0.067421
 47	0.004816	  4	0.074158	0.067421
 47	0.004816	  5	0.070290	0.067421
 47	0.004816	  6	0.067519	0.067421
 48	0.004094	  1	0.070383	0.067421
 48	0.004094	  2	0.068455	0.067421
 48	0.004094	  3	0.073875	0.067421
 48	0.004094	  4	0.071009	0.067421
 48	0.004094	  5	0.069472	0.067421
 48	0.004094	  6	0.068476	0.067421
 49	0.003480	  1	0.068637	0.067413
 49	0.003480	  2	0.070624	0.067413
 49	0.003480	  3	0.074947	0.067413
 49	0.003480	  4	0.070112	0.067413
 49	0.003480	  5	0.068950	0.067413
 49	0.003480	  6	0.070516	0.067413
 50	0.002958	  1	0.070053	0.067413
 50	0.002958	  2	0.071511	0.067413
 50	0.002958	  3	0.072595	0.067413
 50	0.002958	  4	0.073485	0.067413
 50	0.002958	  5	0.071349	0.067413
 50	0.002958	  6	0.069268	0.067413
 51	0.002514	  1	0.068407	0.067413
 51	0.002514	  2	0.069257	0.067413
 51	0.002514	  3	0.068080	0.067413
 51	0.002514	  4	0.069339	0.067413
 51	0.002514	  5	0.071509	0.067413
 51	0.002514	  6	0.068089	0.067413
 52	0.002137	  1	0.067458	0.067413
 52	0.002137	  2	0.068053	0.067413
 52	0.002137	  3	0.068563	0.067413
 52	0.002137	  4	0.067620	0.067413
 52	0.002137	  5	0.070109	0.067413
 52	0.002137	  6	0.069162	0.067413
 53	0.001816	  1	0.068719	0.067413
 53	0.001816	  2	0.068419	0.067413
 53	0.001816	  3	0.067886	0.067413
 53	0.001816	  4	0.067628	0.067413
 53	0.001816	  5	0.067729	0.067413
 53	0.001816	  6	0.067806	0.067413
 54	0.001544	  1	0.068520	0.067413
 54	0.001544	  2	0.069177	0.067413
 54	0.001544	  3	0.067633	0.067413
 54	0.001544	  4	0.067714	0.067413
 54	0.001544	  5	0.068354	0.067413
 54	0.001544	  6	0.069356	0.067413
 55	0.001312	  1	0.067571	0.067413
 55	0.001312	  2	0.067969	0.067413
 55	0.001312	  3	0.071219	0.067413
 55	0.001312	  4	0.067880	0.067413
 55	0.001312	  5	0.068262	0.067413
 55	0.001312	  6	0.069156	0.067413
 56	0.001115	  1	0.067671	0.067413
 56	0.001115	  2	0.067781	0.067413
 56	0.001115	  3	0.069185	0.067413
 56	0.001115	  4	0.068647	0.067413
 56	0.001115	  5	0.067711	0.067413
 56	0.001115	  6	0.068011	0.067413
 57	0.000948	  1	0.068200	0.067413
 57	0.000948	  2	0.067469	0.067412
 57	0.000948	  3	0.067772	0.067412
 57	0.000948	  4	0.067829	0.067412
 57	0.000948	  5	0.067851	0.067412
 57	0.000948	  6	0.067794	0.067412
 58	0.000806	  1	0.067925	0.067412
 58	0.000806	  2	0.067782	0.067412
 58	0.000806	  3	0.067651	0.067412
 58	0.000806	  4	0.068444	0.067412
 58	0.000806	  5	0.068093	0.067412
 58	0.000806	  6	0.069508	0.067412
 59	0.000685	  1	0.068200	0.067412
 59	0.000685	  2	0.067682	0.067412
 59	0.000685	  3	0.067768	0.067412
 59	0.000685	  4	0.067812	0.067412
 59	0.000685	  5	0.067844	0.067412
 59	0.000685	  6	0.068468	0.067412
 60	0.000582	  1	0.068902	0.067412
 60	0.000582	  2	0.067920	0.067412
 60	0.000582	  3	0.067618	0.067412
 60	0.000582	  4	0.067932	0.067412
 60	0.000582	  5	0.067976	0.067412
 60	0.000582	  6	0.067783	0.067412
 61	0.000495	  1	0.068459	0.067412
 61	0.000495	  2	0.067741	0.067412
 61	0.000495	  3	0.067596	0.067412
 61	0.000495	  4	0.068463	0.067412
 61	0.000495	  5	0.067695	0.067412
 61	0.000495	  6	0.068448	0.067412
 62	0.000421	  1	0.067887	0.067412
 62	0.000421	  2	0.067702	0.067412
 62	0.000421	  3	0.067652	0.067412
 62	0.000421	  4	0.067431	0.067412
 62	0.000421	  5	0.068608	0.067412
 62	0.000421	  6	0.068321	0.067412
 63	0.000358	  1	0.067611	0.067412
 63	0.000358	  2	0.067628	0.067412
 63	0.000358	  3	0.067507	0.067412
 63	0.000358	  4	0.067522	0.067412
 63	0.000358	  5	0.067473	0.067412
 63	0.000358	  6	0.067475	0.067412
 64	0.000304	  1	0.067527	0.067412
 64	0.000304	  2	0.068099	0.067412
 64	0.000304	  3	0.067550	0.067412
 64	0.000304	  4	0.067584	0.067412
 64	0.000304	  5	0.067576	0.067412
 64	0.000304	  6	0.067483	0.067412
 65	0.000258	  1	0.067639	0.067411
 65	0.000258	  2	0.067425	0.067411
 65	0.000258	  3	0.067584	0.067411
 65	0.000258	  4	0.067417	0.067411
 65	0.000258	  5	0.067440	0.067411
 65	0.000258	  6	0.068133	0.067411
 66	0.000220	  1	0.068812	0.067411
 66	0.000220	  2	0.067769	0.067411
 66	0.000220	  3	0.067506	0.067411
 66	0.000220	  4	0.067505	0.067411
 66	0.000220	  5	0.067442	0.067411
 66	0.000220	  6	0.067571	0.067411
 67	0.000187	  1	0.067502	0.067411
 67	0.000187	  2	0.067541	0.067411
 67	0.000187	  3	0.067730	0.067411
 67	0.000187	  4	0.067605	0.067411
 67	0.000187	  5	0.067456	0.067411
 67	0.000187	  6	0.067541	0.067411
 68	0.000159	  1	0.067452	0.067411
 68	0.000159	  2	0.067462	0.067411
 68	0.000159	  3	0.067448	0.067411
 68	0.000159	  4	0.067636	0.067411
 68	0.000159	  5	0.067631	0.067411
 68	0.000159	  6	0.067451	0.067411
 69	0.000135	  1	0.067952	0.067411
 69	0.000135	  2	0.067466	0.067411
 69	0.000135	  3	0.067469	0.067411
 69	0.000135	  4	0.067534	0.067411
 69	0.000135	  5	0.067522	0.067411
 69	0.000135	  6	0.067748	0.067411
 70	0.000115	  1	0.067442	0.067411
 70	0.000115	  2	0.067475	0.067411
 70	0.000115	  3	0.067452	0.067411
 70	0.000115	  4	0.067441	0.067411
 70	0.000115	  5	0.067414	0.067411
 70	0.000115	  6	0.067439	0.067411
 71	0.000097	  1	0.067468	0.067411
 71	0.000097	  2	0.067628	0.067411
 71	0.000097	  3	0.067527	0.067411
 71	0.000097	  4	0.067705	0.067411
 71	0.000097	  5	0.067421	0.067411
 71	0.000097	  6	0.067485	0.067411
 72	0.000083	  1	0.067412	0.067411
 72	0.000083	  2	0.067419	0.067411
 72	0.000083	  3	0.067489	0.067411
 72	0.000083	  4	0.067460	0.067411
 72	0.000083	  5	0.067434	0.067411
 72	0.000083	  6	0.067468	0.067411
 73	0.000070	  1	0.067510	0.067411
 73	0.000070	  2	0.067457	0.067411
 73	0.000070	  3	0.067452	0.067411
 73	0.000070	  4	0.067463	0.067411
 73	0.000070	  5	0.067448	0.067411
 73	0.000070	  6	0.067602	0.067411
 74	0.000060	  1	0.067512	0.067411
 74	0.000060	  2	0.067519	0.067411
 74	0.000060	  3	0.067593	0.067411
 74	0.000060	  4	0.067434	0.067411
 74	0.000060	  5	0.067469	0.067411
 74	0.000060	  6	0.067437	0.067411
 75	0.000051	  1	0.067438	0.067411
 75	0.000051	  2	0.067467	0.067411
 75	0.000051	  3	0.067481	0.067411
 75	0.000051	  4	0.067477	0.067411
 75	0.000051	  5	0.067448	0.067411
 75	0.000051	  6	0.067471	0.067411
 76	0.000043	  1	0.067456	0.067411
 76	0.000043	  2	0.067444	0.067411
 76	0.000043	  3	0.067490	0.067411
 76	0.000043	  4	0.067463	0.067411
 76	0.000043	  5	0.067483	0.067411
 76	0.000043	  6	0.067434	0.067411
 77	0.000037	  1	0.067413	0.067411
 77	0.000037	  2	0.067566	0.067411
 77	0.000037	  3	0.067431	0.067411
 77	0.000037	  4	0.067414	0.067411
 77	0.000037	  5	0.067446	0.067411
 77	0.000037	  6	0.067446	0.067411
 78	0.000031	  1	0.067435	0.067411
 78	0.000031	  2	0.067449	0.067411
 78	0.000031	  3	0.067413	0.067411
 78	0.000031	  4	0.067510	0.067411
 78	0.000031	  5	0.067415	0.067411
 78	0.000031	  6	0.067429	0.067411
Finished annealing, starting powell minimization ...

Starting powell minimization ...
loops		error_sum	force calculations
    0	         0.067411	 18962
    2	         0.067411	 18980
Precision reached: 3.72799e-09

Finished powell minimization, calculating errors ...

Potential in format 0 written to file 	lj_end.pot
IMD pair potential written to 		dummy.imd_phi.imd.pt
Potential plotting data written to 	dummy.plot
Potential in LAMMPS format written to 	dummy.lammps.PAIR
Force data written to 			dummy.force
Energy data written to 			dummy.energy

###### error report ######
total error sum 0.067411, count 383 (384 forces, 1 energies)
sum of force-errors  = 6.673283e-02		( 98.994% - av: 1.737834e-04)
sum of energy-errors = 6.782823e-04		( 1.006% )
rms-errors:
force 	1.318269e-02	(13.182694 meV/A)
energy 	2.604385e-03	(2.604385 meV)

Runtime: 0 hours, 2 minutes and 12 seconds.
18981 force calculations, each took 0.006954 seconds
