#F 3 7
#E
2.2999999999999998e+00 9.0000000000000000e+00 15
2.2999999999999998e+00 9.0000000000000000e+00 15
2.2000000000000002e+00 9.0000000000000000e+00 15
2.2999999999999998e+00 6.0000000000000000e+00 15
2.2000000000000002e+00 6.0000000000000000e+00 15
-7.9200909609609516e-02 5.6005672968749054e-01 6
-3.0912928168819256e-02 1.0000000000000000e+00 6

4.7502939484737432e-02
-2.1119696186317141e-01
-4.6138017607201637e-01
-4.7161304449194152e-01
-4.8744286930817948e-01
-3.1654309055626600e-01
-1.5736149416328185e-01
-5.0069412839647075e-02
-2.6128781117441664e-02
-1.3845539684975013e-02
5.2893639896050733e-03
2.0297930489270883e-02
1.4695983758249842e-02
9.6896142091377133e-03
0.0000000000000000e+00

8.6775920390563355e-14
-4.0781157617415625e-01
-4.2751242289970970e-01
-2.6989299155853785e-01
-1.3013380101538899e-01
-5.7608959288625167e-02
-2.8884381992646008e-02
-4.5125648713075998e-02
-3.5391228381649834e-02
-1.8952029135147340e-02
-6.4201245954241155e-03
-2.3044042766065184e-03
-1.7717942288908331e-03
-7.7910632812929262e-04
0.0000000000000000e+00

4.2148030288877947e-01
-5.5675470520836966e-14
-9.5088473180223773e-02
-6.6756312031031009e-02
-3.8296434395843910e-02
-2.4411724412244411e-02
-1.1254066155769642e-02
-6.6326683810115448e-03
-1.3372981564367667e-04
-4.1845061891639405e-04
-2.3548693191878028e-03
-2.0231375150930450e-03
-7.1297925497363246e-04
6.9532611089732129e-04
0.0000000000000000e+00

1.4346419856883996e-01
8.2910542846499680e-02
6.2481984305378047e-02
4.8377212804907296e-02
3.8718806134277556e-02
3.1553276835309917e-02
2.8240922070912496e-02
2.6886769042514694e-02
2.1624752835494292e-02
1.5952964512275580e-02
1.1373642866696169e-02
6.3085844257125745e-03
2.2008024866981423e-03
2.4995621759305470e-04
0.0000000000000000e+00

3.5276283732934227e-01
1.4814369244408715e-01
7.1191350627578434e-02
4.5481902948597636e-02
2.9899065973576538e-02
1.8184984249209706e-02
8.6700914176122291e-03
1.7159353896554741e-03
-2.3992179282183290e-03
-4.4771217064316282e-03
-5.7220294286725176e-03
-5.0711660649509441e-03
-2.5265660868350409e-03
-4.7890288241082720e-04
0.0000000000000000e+00

-2.4585428297714804e-01
2.7976449800271863e-01
1.0498619092210784e+00
2.0762007987149964e+00
3.1198339787937375e+00
4.1532749745353765e+00

2.9489832162870968e-03
-4.9692813229274428e-02
8.0530920088399766e-02
4.7216445938185569e-01
9.4479032093379622e-01
1.5900947773086815e+00

