#F 3 7
#G 2 2 2 2 2 3 3
#E
2.7785714285714285e+00 9.0000000000000000e+00 14
2.5000000000000000e+00 9.0000000000000000e+00 14
2.2000000000000002e+00 9.0000000000000000e+00 15
2.6000000000000001e+00 6.0000000000000000e+00 14
2.2000000000000002e+00 6.0000000000000000e+00 15
4.6483646502270971e-02 7.3000328284430382e-01 6
8.4587221305799654e-02 1.0000000000000000e+00 6

-2.1847554330621324e+00 0.0000000000000000e+00
8.4255614529302880e-01
2.0271471509245159e-01
2.2155522312087100e-02
-6.8303638148139376e-02
-4.9043278969706922e-02
-1.0946697911942214e-02
-1.0298525723152156e-02
-6.5685589306463460e-03
-2.0283626156443295e-03
1.2197714420628298e-02
2.2148801387662245e-02
1.4461939319528331e-02
9.9020972820913523e-03
0.0000000000000000e+00

-3.0520220305743733e+00 0.0000000000000000e+00
6.7836324885800670e-01
-6.1092847853801271e-02
-1.3910036647344864e-01
-9.7511707304807682e-02
-6.4056059163984269e-02
-4.6947312391302592e-02
-4.3693525454723880e-02
-3.2227024332425414e-02
-1.7328306528859357e-02
-4.9313535794119250e-03
-1.2434737583487160e-03
-1.3404375054691660e-03
-4.7178551133387136e-04
0.0000000000000000e+00

-9.9759245869831705e+00 0.0000000000000000e+00
2.1774407701423231e+00
2.0821575792725608e-01
1.7294171181923529e-02
-1.8602176171736276e-02
-3.4148017182425404e-02
-3.9107660825368838e-02
-3.4029658666333909e-02
-2.0867897351653005e-02
-1.0365736680380242e-02
-6.9764725872820676e-03
-5.5283518790782762e-03
-3.2247649119164588e-03
-1.0781038059048725e-03
5.2798598090022142e-04
0.0000000000000000e+00

-7.3097474159489351e-01 0.0000000000000000e+00
1.9537884858961355e-01
8.0910437079616981e-02
3.8277411532032672e-02
3.0196862386027059e-02
2.6573144143248930e-02
2.5147632955090253e-02
2.2458351091482254e-02
1.6582234469709793e-02
1.3760823362749693e-02
1.0409060067066747e-02
7.1934138305280415e-05
-1.7986981146422144e-03
-6.9382798542476940e-04
0.0000000000000000e+00

3.9006165666997622e-01 0.0000000000000000e+00
1.2103319560813236e-01
1.5729511358905698e-01
8.4558833600375249e-02
5.3716158391621069e-02
4.0569332687716321e-02
2.8627405196931983e-02
1.8940709358746560e-02
1.1272855821740939e-02
6.8366481657862865e-03
2.9294548657835583e-03
-2.2936737217525493e-04
-8.6471987170779548e-05
4.9393081007379999e-04
3.2862285466318922e-04
0.0000000000000000e+00

-9.7346191762795655e+00 -8.3400770422903880e-01
-1.7029968465264708e-01
-7.0953418018180781e-01
-7.5376948251785270e-01
-7.3385648876540044e-01
-4.9170304973223794e-01
-4.3769486509661026e-01

-2.6641011383243787e+00 9.3367795435260026e-01
2.0146878224597384e-01
-1.6987454338354516e-01
-3.3549431379296490e-01
-3.3419617260933793e-01
-1.9322853570849807e-01
-4.0389286676947966e-02

