#F 4 7
#G 2 2 2 2 2 3 3
#E
14
14
15
14
15
6
6

-2.1847554330621324e+00 0.0000000000000000e+00
2.7785714285714285e+00 8.4255614529302880e-01
3.2571428571428571e+00 2.0271471509245159e-01
3.7357142857142858e+00 2.2155522312087100e-02
4.2142857142857144e+00 -6.8303638148139376e-02
4.6928571428571431e+00 -4.9043278969706922e-02
5.1714285714285717e+00 -1.0946697911942214e-02
5.6500000000000004e+00 -1.0298525723152156e-02
6.1285714285714290e+00 -6.5685589306463460e-03
6.6071428571428577e+00 -2.0283626156443295e-03
7.0857142857142854e+00 1.2197714420628298e-02
7.5642857142857141e+00 2.2148801387662245e-02
8.0428571428571427e+00 1.4461939319528331e-02
8.5214285714285722e+00 9.9020972820913523e-03
9.0000000000000000e+00 0.0000000000000000e+00

-3.0520220305743733e+00 0.0000000000000000e+00
2.5000000000000000e+00 6.7836324885800670e-01
3.0000000000000000e+00 -6.1092847853801271e-02
3.5000000000000000e+00 -1.3910036647344864e-01
4.0000000000000000e+00 -9.7511707304807682e-02
4.5000000000000000e+00 -6.4056059163984269e-02
5.0000000000000000e+00 -4.6947312391302592e-02
5.5000000000000000e+00 -4.3693525454723880e-02
6.0000000000000000e+00 -3.2227024332425414e-02
6.5000000000000000e+00 -1.7328306528859357e-02
7.0000000000000000e+00 -4.9313535794119250e-03
7.5000000000000000e+00 -1.2434737583487160e-03
8.0000000000000000e+00 -1.3404375054691660e-03
8.5000000000000000e+00 -4.7178551133387136e-04
9.0000000000000000e+00 0.0000000000000000e+00

-9.9759245869831705e+00 0.0000000000000000e+00
2.2000000000000002e+00 2.1774407701423231e+00
2.6857142857142859e+00 2.0821575792725608e-01
3.1714285714285717e+00 1.7294171181923529e-02
3.6571428571428575e+00 -1.8602176171736276e-02
4.1428571428571432e+00 -3.4148017182425404e-02
4.6285714285714290e+00 -3.9107660825368838e-02
5.1142857142857148e+00 -3.4029658666333909e-02
5.6000000000000005e+00 -2.0867897351653005e-02
6.0857142857142854e+00 -1.0365736680380242e-02
6.5714285714285712e+00 -6.9764725872820676e-03
7.0571428571428569e+00 -5.5283518790782762e-03
7.5428571428571427e+00 -3.2247649119164588e-03
8.0285714285714285e+00 -1.0781038059048725e-03
8.5142857142857142e+00 5.2798598090022142e-04
9.0000000000000000e+00 0.0000000000000000e+00

-7.3097474159489351e-01 0.0000000000000000e+00
2.6000000000000001e+00 1.9537884858961355e-01
2.8615384615384616e+00 8.0910437079616981e-02
3.1230769230769231e+00 3.8277411532032672e-02
3.3846153846153846e+00 3.0196862386027059e-02
3.6461538461538465e+00 2.6573144143248930e-02
3.9076923076923080e+00 2.5147632955090253e-02
4.1692307692307695e+00 2.2458351091482254e-02
4.4307692307692310e+00 1.6582234469709793e-02
4.6923076923076925e+00 1.3760823362749693e-02
4.9538461538461540e+00 1.0409060067066747e-02
5.2153846153846155e+00 7.1934138305280415e-05
5.4769230769230770e+00 -1.7986981146422144e-03
5.7384615384615385e+00 -6.9382798542476940e-04
6.0000000000000000e+00 0.0000000000000000e+00

3.9006165666997622e-01 0.0000000000000000e+00
2.2000000000000002e+00 1.2103319560813236e-01
2.4714285714285715e+00 1.5729511358905698e-01
2.7428571428571429e+00 8.4558833600375249e-02
3.0142857142857142e+00 5.3716158391621069e-02
3.2857142857142856e+00 4.0569332687716321e-02
3.5571428571428574e+00 2.8627405196931983e-02
3.8285714285714287e+00 1.8940709358746560e-02
4.0999999999999996e+00 1.1272855821740939e-02
4.3714285714285719e+00 6.8366481657862865e-03
4.6428571428571432e+00 2.9294548657835583e-03
4.9142857142857146e+00 -2.2936737217525493e-04
5.1857142857142859e+00 -8.6471987170779548e-05
5.4571428571428573e+00 4.9393081007379999e-04
5.7285714285714286e+00 3.2862285466318922e-04
6.0000000000000000e+00 0.0000000000000000e+00

-9.7346191762795655e+00 -8.3400770422903880e-01
4.6483646502270971e-02 -1.7029968465264708e-01
1.8318757377067754e-01 -7.0953418018180781e-01
3.1989150103908415e-01 -7.5376948251785270e-01
4.5659542830749072e-01 -7.3385648876540044e-01
5.9329935557589730e-01 -4.9170304973223794e-01
7.3000328284430382e-01 -4.3769486509661026e-01

-2.6641011383243787e+00 9.3367795435260026e-01
8.4587221305799654e-02 2.0146878224597384e-01
2.6766977704463973e-01 -1.6987454338354516e-01
4.5075233278347981e-01 -3.3549431379296490e-01
6.3383488852231995e-01 -3.3419617260933793e-01
8.1691744426115998e-01 -1.9322853570849807e-01
1.0000000000000000e+00 -4.0389286676947966e-02

