#N 512 1
#C Si
#X   1.4000000000e+01 0.0 0.0
#Y  0.0   1.4000000000e+01 0.0
#Z  0.0 0.0   1.4000000000e+01
#E 0.0
#F
0 -3.6350869470e-02  -1.7433208830e-02  2.5549115350e-02  2.4415770781e+00  1.2712025817e+00  -1.2085404734e+00  
0 1.9160882074e-02  1.7158593104e+00  1.7673801104e+00  -1.6586815900e+00  1.3915937211e+00  -4.9254994962e-01  
0 1.7719794191e+00  4.2855620192e-03  1.7531645262e+00  -9.4766846612e-01  6.0924618144e-02  -1.7869417790e-01  
0 1.7774873955e+00  1.7521237800e+00  2.5244641940e-02  -1.3641077322e+00  -2.9342151057e-01  -8.9813929180e-01  
0 8.4779629642e-01  8.7883418526e-01  9.0474254834e-01  1.8844022810e+00  -1.0659250034e+00  -1.6919398887e+00  
0 8.3536477612e-01  2.6184338200e+00  2.5983704374e+00  1.4344271009e+00  4.4235909036e-01  1.4985718872e+00  
0 2.6242554078e+00  8.4879029461e-01  2.5987916176e+00  -2.8122625127e-01  1.4868275993e+00  2.5857297667e+00  
0 2.6381877023e+00  2.5871934539e+00  9.0059258608e-01  -2.1063021363e-02  1.5601818877e+00  -7.6828483119e-01  
0 3.4942274126e+00  3.8879995300e-02  3.9484832658e-03  1.2464982751e+00  -1.0294925573e+00  -4.2135423282e-02  
0 3.4713108606e+00  1.7195347902e+00  1.7805567765e+00  1.6940475822e+00  1.6790569405e+00  -1.4139803024e+00  
0 4.3945282881e+00  9.0438083248e-01  8.9986963013e-01  -5.1011317302e-01  -8.8541274614e-01  -1.1622691039e+00  
0 4.3502412410e+00  2.6013724765e+00  2.6399369545e+00  6.7614570231e-01  1.0233627295e+00  -6.2858378839e-01  
0 -3.7810911955e-02  3.4855651497e+00  3.4628931628e-03  1.7066058083e+00  4.7763597481e-01  -6.6015811940e-01  
0 1.7752404553e+00  3.4626949073e+00  1.7578851206e+00  -1.5595423187e+00  1.4326840659e+00  -4.2129573264e-01  
0 8.4061089061e-01  4.3707736288e+00  8.5712138300e-01  1.2690602153e+00  -3.6454891498e-01  1.1703635238e+00  
0 2.6286605942e+00  4.3611760538e+00  2.6408986990e+00  -1.0827985382e+00  8.3028355196e-01  -8.0097350670e-01  
0 3.5013140531e+00  3.5100762889e+00  -3.2551457433e-02  -2.3267270262e-01  -1.1570095523e+00  1.8671166328e+00  
0 4.3770773303e+00  4.3790438142e+00  8.7471464646e-01  -9.5177081124e-02  -7.7737682464e-01  -5.9171393826e-01  
0 3.1588536923e-02  -3.3493796306e-02  3.4968896544e+00  -1.1656718185e+00  1.1577129656e+00  7.9011302319e-01  
0 1.7186700361e+00  1.7811083147e+00  3.5218392968e+00  1.3295487744e+00  -1.7845472023e+00  -1.2046299690e+00  
0 8.4717296770e-01  8.5530125827e-01  4.3854637566e+00  1.2350419621e+00  7.2112968534e-01  -1.8863284525e-01  
0 2.6420015596e+00  2.6528018668e+00  4.3592408989e+00  -1.0324574965e+00  -1.3998024332e+00  4.2458735872e-01  
0 3.5141104279e+00  -1.6816345314e-02  3.4730021023e+00  2.3896482556e-03  9.7602269069e-01  1.2120005606e+00  
0 4.4039330559e+00  8.4926983268e-01  4.3895948739e+00  -9.7699997909e-01  1.8658233312e+00  -1.7664648467e+00  
0 -3.2798418141e-02  3.5020459115e+00  3.4968146464e+00  1.3277254432e+00  -2.5955636129e-01  -3.8964099414e-01  
0 8.6616899461e-01  4.3799678902e+00  4.3995034956e+00  9.3415005230e-02  -7.4564511722e-01  -1.7555118987e+00  
0 3.4702367901e+00  3.5245600741e+00  3.5087250476e+00  1.7647365545e+00  -1.2073472853e+00  -8.5039459891e-01  
0 4.3436063577e+00  4.3586683980e+00  4.3664852031e+00  1.6358096550e+00  9.4722435459e-01  -2.4834690112e-01  
0 5.2497715831e+00  3.5533314176e-02  1.7444274819e+00  6.9492380931e-01  -1.5486305119e+00  -6.3228739119e-02  
0 5.2711605429e+00  1.7526656221e+00  2.2700953491e-03  -1.0555232009e+00  -8.6432991349e-02  -7.7642503973e-01  
0 6.1088976115e+00  8.9843408768e-01  2.5915101419e+00  1.0514927150e+00  -1.4967423809e+00  1.7633182484e+00  
0 6.1072767132e+00  2.6412297970e+00  8.3465868042e-01  2.0469468234e+00  -1.2866433573e+00  8.2077735547e-01  
0 7.0052197564e+00  -6.8197131469e-03  -3.4955467500e-02  -9.8618609841e-01  3.0641570219e-02  2.5813299331e+00  
0 6.9697459220e+00  1.7220954548e+00  1.7541315386e+00  1.3807754472e+00  2.8062181130e+00  -1.8424252660e+00  
0 8.7217803411e+00  2.6206090563e-02  1.7300966649e+00  1.6717340548e+00  -1.1906073899e+00  8.4935054728e-01  
0 8.7289357102e+00  1.7463699332e+00  -3.5830976554e-02  6.6255799524e-01  -9.2233778187e-02  1.8414043358e+00  
0 7.8604772811e+00  8.8077128250e-01  8.9033153083e-01  -2.2570502360e-01  -3.7806340742e-01  -1.5803041503e+00  
0 7.8670419039e+00  2.6439571699e+00  2.6140922980e+00  1.1706357925e-01  -1.1987528733e+00  -4.9238295627e-02  
0 5.2782391473e+00  3.4702134788e+00  1.7162000677e+00  -2.1061447771e+00  1.6615301768e+00  1.6480286564e+00  
0 6.1600619480e+00  4.3639581562e+00  2.5880043407e+00  -1.6501281083e+00  7.2647474547e-02  1.4421437419e+00  
0 7.0139835471e+00  3.5317934878e+00  -1.2494526146e-02  -7.2167708638e-01  -2.2745833600e+00  -5.7982389280e-01  
0 8.7731221507e+00  3.4884113522e+00  1.7212118836e+00  -1.9819510343e+00  7.4433070305e-01  1.3646092180e+00  
0 7.8501715585e+00  4.3432896456e+00  8.7514936594e-01  1.8326035327e+00  1.4329954603e+00  -5.6501080668e-01  
0 5.2662330372e+00  1.7358056568e+00  3.4643389481e+00  -6.8419485467e-01  8.4988747335e-01  1.7602864732e+00  
0 6.1455637925e+00  2.6303763346e+00  4.3793415533e+00  -1.5398724574e+00  -3.0237428882e-01  -1.1287690353e+00  
0 7.0315633304e+00  1.9414788013e-02  3.4747187771e+00  -2.6852362033e+00  -9.8866496448e-01  6.9404491917e-01  
0 8.7538636205e+00  1.7528937978e+00  3.4672900072e+00  -2.9443625442e-01  -4.8185619795e-01  9.2967257809e-01  
0 7.8818353854e+00  8.4550878883e-01  4.3739127190e+00  -2.8022008995e-01  1.8877148348e+00  -2.6874184195e-01  
0 7.0082248626e+00  3.5131759677e+00  3.4961372300e+00  2.3291612956e-01  -1.4474826098e-01  -1.2338931162e-01  
0 7.8948350971e+00  4.3986806848e+00  4.3589110583e+00  -1.3712057542e+00  -8.1538543845e-01  7.2855923428e-01  
0 9.6272641663e+00  8.8160805343e-01  2.5920873305e+00  2.1307076698e-01  1.8338187640e-01  1.0542134122e+00  
0 9.6051296107e+00  2.6292913856e+00  8.7025361716e-01  1.1625408799e+00  -5.5738689477e-02  -9.5619168607e-01  
0 1.0514037773e+01  2.8631591003e-03  -3.7239707802e-02  -4.6380512959e-01  -4.4404424210e-01  2.3871479452e+00  
0 1.0527073251e+01  1.7871283280e+00  1.7684859571e+00  -1.5929160763e+00  -2.0282314713e+00  -2.1948247562e+00  
0 1.2280745647e+01  -2.8735285175e-02  1.7203530285e+00  -1.9873659966e+00  1.6096895290e+00  2.7797567440e+00  
0 1.2221429264e+01  1.7343754880e+00  1.2326239216e-02  1.6666274399e+00  9.1970126385e-01  -1.0198371328e+00  
0 1.1393494949e+01  8.9184626816e-01  8.7407337187e-01  -1.1749367941e+00  -1.0611352486e+00  5.3426824980e-01  
0 1.1363532024e+01  2.6628570837e+00  2.5934069402e+00  1.1022306389e+00  -1.7723853947e+00  1.8809372812e+00  
0 1.3158782634e+01  8.4906532962e-01  2.6572346358e+00  -1.5662166890e+00  1.6106059294e-01  -1.4998477906e+00  
0 1.3137111375e+01  2.5876801567e+00  8.6307925224e-01  -1.1103204545e+00  6.9430830024e-01  5.5337764328e-01  
0 9.6304603815e+00  4.3754763960e+00  2.6212793167e+00  -1.0239764611e+00  6.2661869462e-01  1.7785888746e-01  
0 1.0468700446e+01  3.5378750064e+00  -2.3194734933e-02  1.5696167874e+00  -1.6414634951e+00  1.2125088536e+00  
0 1.2227713766e+01  3.4798993559e+00  1.7309596847e+00  1.5320183154e+00  1.0832170062e+00  4.1241880634e-01  
0 1.1402320218e+01  4.3905592066e+00  8.8942943433e-01  -2.2863709615e+00  -7.2618496604e-01  -1.0413395281e+00  
0 1.3123450448e+01  4.3679656491e+00  2.6083358385e+00  -1.1207032906e+00  -6.6557641742e-01  1.5636587661e+00  
0 9.6038887594e+00  2.5950315605e+00  4.3517512736e+00  1.1430808163e+00  1.9767729430e+00  4.0553014643e-01  
0 1.0502721907e+01  -8.0442416078e-03  3.4787700572e+00  -2.9693877445e-01  2.7340833471e-01  6.5990471119e-01  
0 1.2265378627e+01  1.7481290085e+00  3.4829294216e+00  -4.0004725802e-01  -4.7001332976e-02  4.8845680332e-01  
0 1.1408224477e+01  8.8213687058e-01  4.4008866719e+00  -2.1367144995e+00  1.2117440656e-01  -2.0192607840e+00  
0 1.3136825188e+01  2.6176246257e+00  4.3497850055e+00  -8.1594319112e-01  3.7268778152e-01  8.5885369337e-01  
0 1.0506637695e+01  3.5313050581e+00  3.4821919716e+00  -4.7483765282e-01  -1.4365719607e+00  9.3867558570e-01  
0 1.1392044211e+01  4.3815016439e+00  4.3870603670e+00  -1.5184730736e+00  -1.8735011383e+00  5.3913259740e-01  
0 -3.4136278080e-02  5.2218963260e+00  1.7821535888e+00  1.8050745843e+00  1.2579437104e+00  -1.9655795287e+00  
0 1.7598660033e+00  5.2609890119e+00  4.9423703698e-03  -1.3651534267e+00  -6.3374297606e-01  -6.3169057413e-02  
0 8.8704629471e-01  6.1148775938e+00  2.6001562855e+00  -1.2716279206e+00  -6.6636042927e-01  1.4534486159e+00  
0 2.6315259403e+00  6.0958540470e+00  8.5536443778e-01  -5.0120995253e-01  8.5590744558e-01  1.1832545047e+00  
0 3.4656112273e+00  5.2434551101e+00  1.7187736889e+00  1.9040148361e+00  -5.4639801995e-01  1.8474402361e+00  
0 4.3796999240e+00  6.1240827178e+00  2.6231673284e+00  -4.1185144157e-01  -1.4867560430e-01  -4.2357983162e-01  
0 -2.5547276755e-02  7.0319130490e+00  2.7820908886e-02  6.1665267611e-01  -1.0371848423e+00  -1.1284180867e+00  
0 2.6769284431e-02  8.7306827624e+00  1.7676078592e+00  -7.4576439808e-01  1.7568815910e+00  -1.1576611259e+00  
0 1.7496485982e+00  6.9630331503e+00  1.7610081109e+00  8.4882804047e-01  1.6364373923e+00  -1.6438786468e+00  
0 1.7820356296e+00  8.7726290714e+00  -1.8926184267e-02  -1.0770588370e+00  -8.5099510838e-01  9.0214891149e-01  
0 8.7175474996e-01  7.9066609560e+00  8.5098740908e-01  6.4825469280e-01  -1.4553202270e+00  1.6199962654e+00  
0 2.6432921814e+00  7.9009471451e+00  2.6241563403e+00  -1.6480871973e+00  -2.3614062649e+00  2.2600926176e-01  
0 3.5074566585e+00  6.9612665918e+00  9.6148279994e-03  -1.6226974186e-02  1.0365964780e+00  -1.5784710168e-01  
0 3.4853336269e+00  8.7205776512e+00  1.7782216497e+00  7.8397635964e-01  2.2841444770e+00  -2.4422132373e+00  
0 4.3641961000e+00  7.8780683361e+00  8.9204191232e-01  3.2600200916e-01  -8.2484049855e-01  -6.5158751985e-01  
0 1.7170032668e+00  5.2496159318e+00  3.5182693337e+00  1.6235660704e+00  -1.3937585778e-02  -6.9073030440e-01  
0 2.6097083788e+00  6.1486380496e+00  4.4101871737e+00  7.3334496253e-01  -1.2270321003e+00  -1.9734012558e+00  
0 3.1563077908e-02  6.9994823330e+00  3.4859904637e+00  -1.8499526432e+00  -4.3816153283e-01  -1.3902688124e-01  
0 1.7352930053e+00  8.7530444772e+00  3.4681816446e+00  1.3839984657e+00  9.2329425944e-02  1.2391443709e+00  
0 9.0144953298e-01  7.8611651102e+00  4.3408571073e+00  -1.8339060105e+00  1.1273594102e+00  1.1298132468e+00  
0 3.5176676572e+00  7.0161673387e+00  3.5067870312e+00  -1.3528008031e+00  -8.8922599761e-01  -7.2392428379e-01  
0 4.3679621333e+00  7.8731111556e+00  4.3465785461e+00  7.7437176558e-01  7.4354981744e-01  1.7703250086e+00  
0 5.2432315691e+00  5.2201564780e+00  -3.2946547954e-02  8.7067673968e-01  1.4635268465e+00  1.3073307484e+00  
0 6.1065412311e+00  6.1191996268e+00  8.7327387065e-01  1.5237690808e+00  -6.4508567642e-01  -6.9993004435e-01  
0 7.0076495881e+00  5.2321098506e+00  1.7323302582e+00  4.7615470297e-03  4.8096181887e-01  2.3271806603e-01  
0 8.7409733223e+00  5.2443965576e+00  1.3477304842e-02  7.0183147131e-01  -3.0389085055e-01  -5.8306970260e-01  
0 7.8868955973e+00  6.1060608897e+00  2.5943207056e+00  -2.5684699921e-01  1.3237577012e+00  1.1952373453e+00  
0 5.2754516293e+00  6.9708982255e+00  1.7239536225e+00  -1.4805646546e+00  1.4892050604e+00  1.8493854839e+00  
0 5.2313239040e+00  8.7408249758e+00  8.1995467701e-03  3.8254046605e-01  5.6726064016e-01  -1.8669459478e-01  
0 6.1378903512e+00  7.8981297406e+00  2.6343790822e+00  -1.4916320615e-01  -1.4511327098e+00  -9.1227375662e-01  
0 7.0324988333e+00  6.9965436644e+00  3.2251651988e-02  -2.1280833232e+00  -4.8331509579e-01  -1.8955622491e+00  
0 7.0138002725e+00  8.7295708289e+00  1.7577825126e+00  -5.9456808423e-01  1.0999110422e+00  -2.2950871979e-01  
0 8.7827369709e+00  7.0066774775e+00  1.7608504150e+00  -2.0424525073e+00  -8.4861430580e-01  -1.6259484487e+00  
0 8.7439953083e+00  8.7129278206e+00  -3.6207379447e-02  -1.1687420419e-01  1.2250990440e+00  1.8083130542e+00  
0 7.8504507625e+00  7.8646588585e+00  8.7176000525e-01  2.2214376925e+00  3.8681952670e-01  9.9102481695e-01  
0 5.2542083521e+00  5.2516687663e+00  3.4822035332e+00  1.6239344879e-01  -4.3112020869e-01  4.4500580727e-01  
0 6.1363237329e+00  6.1586899932e+00  4.3832726543e+00  3.8790313157e-01  -1.7525002646e+00  -7.8129117229e-03  
0 8.7211712737e+00  5.2812709047e+00  3.5149462560e+00  2.0118840960e+00  -1.8305058354e+00  -7.4194180728e-01  
0 5.2491422196e+00  8.7793279009e+00  3.4625362177e+00  3.4641339222e-02  -1.3743940475e+00  1.7015635502e+00  
0 7.0288471352e+00  7.0057418113e+00  3.5211116112e+00  -1.2131483203e+00  7.7855032517e-02  -1.3560286372e+00  
0 8.7796458975e+00  8.7706551836e+00  3.4940364635e+00  -3.3276377887e-01  -1.1739708055e+00  4.8195082969e-02  
0 7.8751964547e+00  7.8954118725e+00  4.3612093061e+00  9.7451127078e-01  -3.0321971034e-01  1.3051649318e+00  
0 9.6128484630e+00  6.1070671046e+00  8.6945307908e-01  1.1542074069e+00  9.0346400666e-01  4.7153266676e-01  
0 1.0465061600e+01  5.2547301382e+00  1.7687111316e+00  1.6528975757e+00  -4.0585454568e-01  -7.9428278013e-01  
0 1.2234678869e+01  5.2395012715e+00  1.6046545474e-02  1.0904887182e+00  1.0391503640e+00  -9.5261929329e-01  
0 1.1396461450e+01  6.0910516325e+00  2.6388355040e+00  -1.4039637331e+00  8.5280619376e-01  -1.2023603966e-02  
0 1.3130392176e+01  6.0895445790e+00  8.8279104997e-01  -7.4098613343e-01  1.4875607341e+00  9.9117157700e-03  
0 9.6273094104e+00  7.8543266041e+00  2.5939362240e+00  1.1410684723e+00  8.8314679654e-01  2.4440073917e+00  
0 1.0532898522e+01  7.0164944168e+00  4.8722542852e-03  -2.3317086823e+00  -1.0442711780e+00  -1.0168805265e+00  
0 1.0506721935e+01  8.7395230373e+00  1.7542890735e+00  -4.9256986371e-01  1.5246987883e-01  -9.4603849339e-01  
0 1.2224047684e+01  6.9684701087e+00  1.7591633412e+00  1.0246214796e+00  8.7933042921e-01  -3.0190568421e-01  
0 1.2249914772e+01  8.7696834634e+00  2.3197427137e-02  -7.4201885915e-01  -1.1161057652e+00  -8.6907271447e-01  
0 1.1352380157e+01  7.8636922801e+00  8.5234619439e-01  1.6339498677e+00  8.6624776838e-01  1.7849988819e+00  
0 1.3106747956e+01  7.8901978056e+00  2.5980874109e+00  9.4695432252e-01  -1.0902916394e+00  1.4047733185e+00  
0 9.6539965249e+00  6.1041251944e+00  4.4049024557e+00  -1.0097029541e+00  6.8879046198e-01  -1.1754341094e+00  
0 1.2226274246e+01  5.2165584437e+00  3.5308535550e+00  1.9223580080e+00  1.7377171290e+00  -1.3278636007e+00  
0 1.3126191787e+01  6.1159551640e+00  4.3956321615e+00  1.3009198780e-01  4.5117760823e-01  -1.3879695416e+00  
0 1.0517860573e+01  6.9652496081e+00  3.5368830736e+00  -1.4227700651e-01  1.1058229240e+00  -1.1129187051e+00  
0 1.2240135238e+01  8.7551122329e+00  3.5018724915e+00  6.3109214323e-01  -5.5417683455e-02  -3.6970987112e-01  
0 1.1396172361e+01  7.8715966543e+00  4.3779888232e+00  -7.3124693950e-01  -9.6103457411e-02  3.1299603806e-01  
0 8.9224510276e-01  9.6463633758e+00  2.5937784217e+00  -8.1768572942e-01  -2.2117198509e-01  1.9849962481e+00  
0 2.6195628387e+00  9.6489570591e+00  8.5063180439e-01  1.1623373750e+00  -5.8429064802e-01  1.2097694439e+00  
0 4.3448017208e+00  9.6082273891e+00  2.6169495312e+00  1.1570064695e+00  1.1283172622e+00  6.1212585499e-01  
0 -2.0172618665e-02  1.0464214149e+01  -2.7528255759e-02  1.6813721948e+00  1.9054042223e+00  1.8254940937e+00  
0 1.6324750975e-02  1.2274906289e+01  1.7411759673e+00  2.4477033683e-01  -6.1207585091e-01  2.9854479309e-01  
0 1.7847765859e+00  1.0519823753e+01  1.7676265823e+00  -1.1327374597e+00  -2.8827230689e-01  -8.7648574994e-01  
0 1.7709276270e+00  1.2280662380e+01  1.6945074063e-03  -5.8078406082e-01  -8.4113901275e-02  -3.4414233566e-02  
0 8.9986626173e-01  1.1402283355e+01  8.6699629145e-01  -8.5745086814e-01  -5.8317274500e-01  9.9362845287e-02  
0 8.9809409257e-01  1.3157927911e+01  2.6018630628e+00  -5.3278290818e-02  -1.9123826223e+00  9.9699038250e-01  
0 2.6555266884e+00  1.1370323087e+01  2.6566701798e+00  -2.6796179310e-01  4.7314656318e-01  -1.2451357047e+00  
0 2.6619859087e+00  1.3164090900e+01  9.1052936985e-01  -1.0861708747e+00  -1.0714595513e+00  -1.4647584608e+00  
0 3.4903574286e+00  1.0543370017e+01  6.8487259554e-03  2.3718553877e-01  -8.7082992967e-01  -7.5071081393e-01  
0 3.5371239808e+00  1.2250001767e+01  1.7707309128e+00  -6.8533899406e-01  9.3980098166e-01  -5.5680736462e-01  
0 4.3572253366e+00  1.1413767049e+01  8.5940611916e-01  8.6376971033e-01  -1.5019224831e+00  6.1581224894e-01  
0 4.4140241281e+00  1.3148531708e+01  2.6133433434e+00  -9.5815989419e-01  -9.9649068005e-01  5.7212820876e-01  
0 2.6288710803e+00  9.6333112391e+00  4.3945331756e+00  -5.5151381940e-01  -8.2760598401e-01  -8.4347115613e-01  
0 -4.6798555244e-03  1.0536165665e+01  3.5265356599e+00  2.9977886231e-01  -1.6556828250e+00  -1.4655093573e+00  
0 1.7685932325e+00  1.2272773318e+01  3.4878383346e+00  -4.7258277036e-01  -1.1091919978e+00  6.7309888932e-01  
0 8.8048704192e-01  1.1351844495e+01  4.3873090075e+00  -4.0135518368e-01  2.6355589264e+00  -2.8124512681e-01  
0 2.6428150055e+00  1.3135761889e+01  4.3397279501e+00  -8.0317978225e-01  -3.4103063356e-01  1.4734776674e+00  
0 3.5251742060e+00  1.0486776514e+01  3.5167979759e+00  -1.3657329269e+00  3.6451850525e-01  8.0242612292e-02  
0 4.3676267784e+00  1.1376618825e+01  4.4014310086e+00  1.0908482007e-01  -2.8595535270e-02  -1.9115110520e+00  
0 6.1280235039e+00  9.6151034297e+00  8.9414192867e-01  -3.1169598207e-01  3.5397031734e-01  -7.5182572453e-01  
0 7.8491517082e+00  9.6332012355e+00  2.6301587915e+00  2.3488500152e+00  -4.8387891094e-01  -3.3757061518e-01  
0 5.2270357006e+00  1.0508825137e+01  1.7737989517e+00  4.7134960615e-01  -4.8589741293e-01  -1.2840688443e+00  
0 5.2433159965e+00  1.2255323562e+01  -1.0386538296e-02  2.2567231626e-02  -2.8039792642e-01  4.7012131813e-02  
0 6.1137173875e+00  1.1358781454e+01  2.6419737735e+00  2.2208548898e-01  4.8557222730e-01  -1.4263867591e-01  
0 6.1283808917e+00  1.3095741169e+01  8.8035731579e-01  -5.0375614784e-01  1.6913315778e+00  -7.2100748661e-01  
0 7.0143235738e+00  1.0486622829e+01  -1.2517683524e-02  -1.1570895374e+00  4.6628100778e-01  1.4180824966e+00  
0 6.9813955971e+00  1.2243257978e+01  1.7522142517e+00  3.3978678966e-01  -2.8555270694e-02  4.2080750087e-01  
0 8.7626285260e+00  1.0493340676e+01  1.7319666145e+00  -1.3209448713e+00  5.5386081565e-01  1.1673847067e+00  
0 8.7140237155e+00  1.2279381643e+01  3.8548438267e-02  1.4564422522e+00  -6.5460055555e-01  -1.4140209579e+00  
0 7.8685764432e+00  1.1401268296e+01  8.9753525249e-01  -1.3649306821e-01  -1.1770799823e+00  -8.3657881471e-01  
0 7.8523682980e+00  1.3150695811e+01  2.6091689174e+00  1.0438005497e+00  -1.3443345553e+00  3.5427101943e-01  
0 6.1286603870e+00  9.6335777998e+00  4.3801233009e+00  -9.4333518004e-01  4.7603302550e-01  -5.5054300591e-01  
0 5.2503624036e+00  1.2256461802e+01  3.5045778167e+00  1.9668861117e-01  -2.9564441072e-01  -1.0893117073e-01  
0 6.1156115638e+00  1.3099994879e+01  4.3653991030e+00  9.9359120448e-01  1.5163447422e+00  1.1479724667e-01  
0 7.0259441104e+00  1.0472686883e+01  3.5187867796e+00  -1.6700042326e+00  1.4935027118e+00  -3.7018159170e-01  
0 8.7143990827e+00  1.2222789073e+01  3.5148628300e+00  1.3020525336e+00  2.0143179932e+00  -8.4815945167e-01  
0 7.8579644026e+00  1.1388801170e+01  4.4094879079e+00  6.0706040036e-01  -1.8224370365e+00  -1.3960278213e+00  
0 9.5908609451e+00  9.6312981566e+00  8.6420803171e-01  1.3458799556e+00  -1.0936312243e+00  9.2973982437e-02  
0 1.1395634985e+01  9.6100283286e+00  2.5995083247e+00  -8.7778001897e-01  5.6760979091e-01  8.5289352117e-01  
0 1.3155357485e+01  9.6133463671e+00  8.9372101661e-01  -1.3110760449e+00  6.0805822326e-01  -7.8446130766e-01  
0 9.6440236041e+00  1.1376158603e+01  2.6178081017e+00  -7.5807769569e-01  -7.3840011559e-01  4.8400240237e-01  
0 9.6502279044e+00  1.3105186998e+01  9.0265569126e-01  -6.0143007163e-01  1.2108678978e+00  -1.4931342488e+00  
0 1.0467197268e+01  1.0485959158e+01  9.2471560912e-03  1.5209380110e+00  1.3463850379e+00  -9.1761382069e-01  
0 1.0528238108e+01  1.2233842313e+01  1.7587686074e+00  -1.6955595903e+00  3.2735375370e-01  -3.4038113228e-01  
0 1.2258419993e+01  1.0498806062e+01  1.7279759567e+00  1.3443677688e+00  -1.4122518810e-01  1.5345754326e+00  
0 1.2239078180e+01  1.2273084052e+01  1.8566308321e-02  1.1532026727e+00  -1.0717400754e+00  -5.9741560503e-01  
0 1.1402088804e+01  1.1366718611e+01  8.9128263610e-01  -1.3223335948e+00  3.3944301378e-01  -1.0842050108e+00  
0 1.1342068227e+01  1.3091656282e+01  2.6177508337e+00  2.6988355499e+00  1.9423268776e+00  6.8164136714e-02  
0 1.3155937519e+01  1.1400860938e+01  2.6490507753e+00  -9.2588415796e-01  -4.9616374615e-01  -1.6956939202e+00  
0 1.3147924756e+01  1.3140753280e+01  8.9680656256e-01  -8.0858593864e-01  -1.9919446655e+00  -1.4172302342e+00  
0 9.6541410957e+00  9.6048405229e+00  4.3894150923e+00  -3.8459948676e-01  1.2767494398e+00  -1.3503920921e+00  
0 1.3114494317e+01  9.6409752058e+00  4.3920915933e+00  1.3048674635e-01  1.7953909728e-01  -1.2656493069e+00  
0 9.6317865168e+00  1.3131054923e+01  4.4088058888e+00  -9.3558387884e-01  -2.8965172509e-01  -2.0308263692e+00  
0 1.0536064178e+01  1.0526729757e+01  3.4910480872e+00  -1.4215401764e+00  -2.5579621496e+00  -6.1603289981e-01  
0 1.2257537868e+01  1.2267046390e+01  3.4786788057e+00  2.5565104039e-02  -1.0032396799e+00  1.4399895985e+00  
0 1.1382538704e+01  1.1348558675e+01  4.3420014868e+00  5.6237071865e-02  2.3664933519e+00  1.4079608111e+00  
0 1.3148850415e+01  1.3094153367e+01  4.4035047820e+00  -1.5268731796e+00  2.0871580370e+00  -1.0337514701e+00  
0 -1.2577428888e-02  1.7672495189e+00  5.2369369208e+00  3.9974330104e-01  -1.2243527995e+00  3.2896151053e-01  
0 1.7328870192e+00  1.2395850538e-02  5.2402607003e+00  1.3417532955e-01  -1.3983883663e+00  -1.3058393006e-01  
0 8.8809222104e-01  2.6256550815e+00  6.1342454972e+00  -2.7498207042e-01  -6.0965774614e-01  -8.5918002476e-01  
0 2.6027057336e+00  8.4226046204e-01  6.0975896588e+00  1.3882661404e+00  1.8505688855e+00  1.2683583049e+00  
0 3.5213535612e+00  1.7744032675e+00  5.2241233309e+00  -5.1017944882e-01  -1.5115372655e+00  8.6654119572e-01  
0 4.4007398785e+00  2.6303568053e+00  6.1283237541e+00  -1.0664163933e+00  -4.6379531942e-01  1.6571572704e-01  
0 1.7778668851e+00  3.4824390715e+00  5.2233978982e+00  -1.3204644339e+00  1.0713066072e+00  1.6892436242e+00  
0 2.6301363541e+00  4.3484396968e+00  6.1233266006e+00  -1.8020335313e-01  2.3178953507e+00  -2.2287194528e-02  
0 1.8259224317e-02  7.9523124760e-03  7.0330338799e+00  -9.1801399860e-01  -1.5981989496e-01  -1.5057583843e+00  
0 1.9973013889e-02  1.7289618920e+00  8.7484750805e+00  -5.1415220890e-01  7.8105250442e-01  8.2827761289e-01  
0 1.7790405300e+00  1.4218858274e-03  8.7607297776e+00  -2.4469083832e+00  -7.7099668216e-01  -1.3744547267e+00  
0 1.7398336360e+00  1.7271266991e+00  7.0102299210e+00  5.4011292666e-01  2.2842845225e-01  -1.1991519179e+00  
0 8.9549825361e-01  8.8775670418e-01  7.9113277093e+00  -5.5135148362e-01  -1.1916323830e+00  -1.4422792014e+00  
0 2.5931900554e+00  2.6041887811e+00  7.8391929186e+00  1.8230260209e+00  8.7417558286e-01  1.8905434757e+00  
0 3.5276461135e+00  -1.7906808383e-02  7.0063797045e+00  -8.2117476581e-01  1.0230090325e+00  -5.5309415498e-01  
0 3.4872083158e+00  1.7221182578e+00  8.7778134499e+00  7.7692763415e-01  2.2770877353e+00  -1.4119962419e+00  
0 4.3983021597e+00  9.1054827562e-01  7.8844968828e+00  -5.3580615139e-01  -1.4338472420e+00  -1.5127595963e-02  
0 2.9755110450e-02  3.4888020651e+00  7.0004255478e+00  -8.3630299605e-01  4.1314714852e-01  -3.8342599871e-01  
0 1.7235989259e+00  3.4890600179e+00  8.7267254529e+00  9.8566807257e-01  5.2395295654e-01  7.8184684157e-01  
0 8.7302167471e-01  4.4086125605e+00  7.8626966770e+00  1.4962213810e-01  -1.6514409150e+00  1.7929283323e-01  
0 3.4967022724e+00  3.5271216329e+00  6.9991035805e+00  6.9191606832e-01  -2.2274304156e+00  3.1523053063e-01  
0 4.3824918429e+00  4.3876330219e+00  7.8967945855e+00  -2.9950926184e-01  -7.8281647361e-01  -9.2130839378e-01  
0 5.2723444848e+00  2.8925698166e-02  5.2283539626e+00  4.9220545702e-02  -2.2272925041e+00  1.6295106312e+00  
0 6.1516206326e+00  8.5138686690e-01  6.1491856250e+00  -1.1450361839e+00  1.2185975847e+00  -6.9582906767e-01  
0 6.9667042598e+00  1.7539247942e+00  5.2494853354e+00  2.2103056400e+00  -3.3562606697e-01  1.9925823515e-01  
0 8.7402084527e+00  -1.3210139339e-02  5.2676335542e+00  -1.9379637494e-01  5.4871971094e-01  -1.2918457693e+00  
0 7.8495965058e+00  2.6608631240e+00  6.1170079973e+00  6.4532254833e-01  -1.4558534350e+00  -3.6716778847e-02  
0 5.2212439729e+00  3.4722259775e+00  5.2264081673e+00  1.3786025037e+00  1.2957330269e+00  3.4940677904e-01  
0 6.0948867191e+00  4.3460826838e+00  6.1252503263e+00  1.1554662853e+00  1.2847896310e+00  -2.9621752679e-01  
0 8.7392499523e+00  3.4885391737e+00  5.2238688214e+00  1.0854202971e-01  7.6931041229e-01  8.2891518420e-01  
0 5.2645263329e+00  4.6495265346e-03  8.7639996018e+00  -1.2427781257e+00  2.3419543203e-01  2.3424872704e-01  
0 5.2801537740e+00  1.7639955252e+00  7.0170833133e+00  -8.5074640622e-01  2.5316675308e-02  -3.5926826665e-01  
0 6.1603917145e+00  2.6451457358e+00  7.8576746096e+00  -1.6705653252e+00  -4.2404053514e-01  2.0229934233e+00  
0 7.0086359184e+00  -2.0152831963e-02  7.0333064921e+00  -5.5312299974e-01  1.1296262459e+00  -7.8409662491e-01  
0 6.9803480899e+00  1.7193647518e+00  8.7824821702e+00  7.8886133168e-01  1.7519553964e+00  -1.2519525060e+00  
0 8.7218658609e+00  3.9373769813e-04  8.7699450701e+00  1.4464002707e+00  -1.4634819835e-01  -2.9456421993e-02  
0 8.7144083393e+00  1.7626250265e+00  6.9967832813e+00  8.3321778751e-01  -1.6207755548e-01  2.5311010743e-01  
0 7.8765326594e+00  8.9620837129e-01  7.9108254221e+00  -7.1277226838e-01  -1.3280320790e+00  -5.3613453334e-01  
0 5.2769837514e+00  3.5355658721e+00  8.7818396596e+00  -1.3456149724e+00  -1.9766379769e+00  -2.0591797826e+00  
0 7.0002097828e+00  3.5206789091e+00  7.0233544594e+00  3.1899821489e-01  -7.6249627015e-01  -1.5879033971e+00  
0 8.7193711666e+00  3.5198344521e+00  8.7743634109e+00  1.2504871267e+00  -1.1205397150e+00  -8.5583101798e-01  
0 7.8996024239e+00  4.3650752859e+00  7.8518391237e+00  -1.4336198250e+00  1.2680381325e+00  1.3557740249e+00  
0 9.6056588962e+00  8.4667373266e-01  6.1150671564e+00  -2.5124640632e-01  1.1739337719e+00  4.8120629037e-01  
0 1.0475059151e+01  1.7715490412e+00  5.2298122002e+00  5.7503192356e-01  -1.6455991213e+00  8.8900039907e-01  
0 1.2227885804e+01  2.9358458515e-02  5.2731926092e+00  1.9205123957e+00  -2.3358758548e+00  -7.2787276142e-01  
0 1.1357368729e+01  2.5949771028e+00  6.1567676756e+00  4.2848046906e-01  1.2312813709e+00  -2.0721203063e+00  
0 1.3102752416e+01  8.6739432714e-01  6.1164413159e+00  1.6518885795e+00  1.0228210885e+00  8.0453716509e-01  
0 9.6011737669e+00  4.3933336514e+00  6.1484424451e+00  1.9554825079e+00  -2.1722334510e+00  -7.5333519756e-01  
0 1.2271290623e+01  3.4652549322e+00  5.2413279456e+00  -1.6026188648e+00  5.4551092407e-01  4.1703996367e-01  
0 1.3103682747e+01  4.3405879019e+00  6.1195904616e+00  2.4322813568e+00  5.5605465853e-01  -2.5377567155e-01  
0 9.6152876358e+00  2.6235992434e+00  7.8884506144e+00  -3.3290900870e-01  -6.4025634868e-02  -3.9714865462e-01  
0 1.0465069203e+01  -1.6519131317e-02  6.9931706410e+00  9.3719505282e-01  3.5487056462e-01  4.0783642162e-01  
0 1.0469268667e+01  1.7132024115e+00  8.7132997186e+00  9.7547930338e-01  1.0609481807e+00  1.4997923447e+00  
0 1.2263117562e+01  6.1067178200e-03  8.7599819309e+00  -1.5310911955e-01  -3.8541060079e-01  -6.8861697600e-01  
0 1.2255516825e+01  1.7413393785e+00  6.9724235674e+00  -1.8664427122e-01  -4.7408860008e-01  1.4909021157e+00  
0 1.1381543050e+01  8.7307784180e-01  7.8550050076e+00  -3.9001849132e-01  -3.6457106618e-01  5.0944016484e-01  
0 1.3154822036e+01  2.5910575416e+00  7.8701622830e+00  -6.9174390660e-01  7.8951337902e-01  1.8390437183e-02  
0 1.0527096398e+01  3.4856699366e+00  7.0245190168e+00  -2.0781542649e+00  8.2401327768e-02  -1.3241027913e+00  
0 1.2227137243e+01  3.4727694057e+00  8.7300835574e+00  2.4171809789e+00  6.0972147893e-01  9.9392734248e-01  
0 1.1403330002e+01  4.3367314263e+00  7.8556535986e+00  -1.2277608914e+00  1.7851453529e+00  8.9748267411e-01  
0 -1.0690473497e-02  5.2394214987e+00  5.2248778118e+00  6.1122262463e-01  -1.0454299531e-02  2.7657111928e+00  
0 8.7815561217e-01  6.1547053764e+00  6.1441488178e+00  -1.2249913990e+00  -1.6805307216e+00  -1.1798859079e+00  
0 3.5150910925e+00  5.2754707804e+00  5.2332857569e+00  -6.3887577959e-01  -5.6277922152e-01  1.2233613473e+00  
0 4.4076748122e+00  6.1261105475e+00  6.1465756864e+00  -1.0645517663e+00  2.8574937520e-01  -1.6146442589e+00  
0 -3.2583742043e-02  8.7547780470e+00  5.2350274019e+00  2.4171760827e+00  5.4833431870e-01  4.2630988539e-01  
0 1.7279378787e+00  6.9778360133e+00  5.2429499994e+00  7.2752225669e-01  1.6414210412e+00  6.3495760710e-01  
0 2.5876374134e+00  7.8488946762e+00  6.1156589221e+00  1.1642874379e+00  7.4494185366e-01  9.2567573511e-01  
0 3.4612998145e+00  8.7147876790e+00  5.2757511889e+00  1.4321429802e+00  1.4254648820e+00  -1.0075742176e+00  
0 3.0124092291e-02  5.2193364133e+00  8.7406415733e+00  -1.9836813186e+00  2.4403590361e+00  2.0591813065e-01  
0 1.7371615956e+00  5.2723691980e+00  7.0203850799e+00  9.0714582107e-01  -2.9355798516e-01  -1.1856712327e+00  
0 2.6595789063e+00  6.1517298052e+00  7.9024366313e+00  -9.3666850164e-01  -1.1106372363e+00  -1.1167477230e+00  
0 3.4900029667e+00  5.2247883560e+00  8.7256378068e+00  6.5257784546e-01  1.3298775167e+00  1.7266547986e+00  
0 -2.2246688493e-02  7.0230205598e+00  6.9850754702e+00  5.6743679988e-01  -5.0209919538e-01  3.9688322507e-01  
0 -2.6160163334e-02  8.7688418579e+00  8.7281482751e+00  1.2083084551e+00  -2.9206055843e+00  9.8493352063e-01  
0 1.7643553138e+00  6.9875394321e+00  8.7639053663e+00  -5.1022340584e-01  1.0065665284e+00  -3.2123713651e-01  
0 1.7353599293e+00  8.7422161517e+00  7.0266226824e+00  7.6877426823e-01  -2.9206312912e-01  -2.1213813389e+00  
0 8.8871132052e-01  7.8547592070e+00  7.8426922501e+00  -1.4128134184e+00  9.0440478857e-01  2.1453899760e+00  
0 3.5221618983e+00  7.0011156609e+00  7.0087495187e+00  -4.7744191934e-01  3.0884651211e-02  -2.9492711742e-01  
0 3.5127321322e+00  8.7256751133e+00  8.7829369089e+00  -1.2247958996e+00  9.8006328868e-01  -2.7228264712e+00  
0 4.4037956954e+00  7.8980499491e+00  7.8562311586e+00  -1.4897768004e+00  -6.8543867878e-01  4.9654269856e-01  
0 7.0278228918e+00  5.2343610875e+00  5.2838695986e+00  -1.9055732739e+00  -6.9507054015e-05  -1.8889138649e+00  
0 7.8586193908e+00  6.1037707967e+00  6.1320930499e+00  1.3685339122e+00  1.3501565133e+00  5.2262509731e-01  
0 5.2727182232e+00  7.0226874166e+00  5.2475914661e+00  -8.0158146328e-01  -1.2957801818e-01  1.1538917619e-01  
0 6.1174237784e+00  7.9170409285e+00  6.1333937164e+00  3.3035801355e-01  -6.5500444309e-01  -7.4173320904e-01  
0 6.9668164719e+00  8.7890951502e+00  5.2591720305e+00  2.0172414175e+00  -1.2767451517e+00  -4.5339393766e-02  
0 8.7842345809e+00  6.9739965692e+00  5.2401961005e+00  -1.2922979147e+00  1.6913711587e+00  1.5442353709e+00  
0 5.2546764245e+00  5.2405436399e+00  6.9676662181e+00  -3.5630084487e-01  -1.4907337715e-01  1.4359551535e+00  
0 6.1029810871e+00  6.0944149504e+00  7.8825922416e+00  5.0907873396e-01  1.6557721626e+00  -1.1525567285e+00  
0 6.9997395174e+00  5.2820484682e+00  8.7255329579e+00  4.2039654500e-01  -1.8156445118e+00  1.3930414823e+00  
0 8.7687586306e+00  5.2416544199e+00  7.0132877428e+00  -1.3548795751e+00  4.5981805230e-01  9.4102172765e-02  
0 5.2192810089e+00  6.9767602038e+00  8.7349561152e+00  1.7990528004e+00  8.3437951076e-01  -3.3962402648e-01  
0 5.2604159307e+00  8.7866630490e+00  6.9741967478e+00  -5.1408496659e-01  -1.0137168037e+00  1.8851359230e+00  
0 6.9791718256e+00  7.0097696001e+00  6.9824112595e+00  8.4007164398e-01  2.0053280696e-01  1.1094285286e+00  
0 6.9908718657e+00  8.7599658343e+00  8.7698076720e+00  -1.4403875594e-01  -6.0650635851e-01  -1.6152795590e+00  
0 8.7398131750e+00  7.0305841406e+00  8.7173236946e+00  9.1629499571e-01  -2.3352663862e+00  2.8552223359e+00  
0 8.7486087399e+00  8.7671865111e+00  7.0195598155e+00  8.9525790229e-03  -8.8443204584e-02  -2.3182176682e-01  
0 7.8909140878e+00  7.8817053427e+00  7.9066884638e+00  -1.6416756542e+00  6.6628854405e-01  -2.3239989313e+00  
0 1.0475425840e+01  5.2238282889e+00  5.2691609031e+00  1.7532661646e+00  7.9175447432e-01  -2.1108342587e-01  
0 1.1411326965e+01  6.1124359991e+00  6.1402846655e+00  -1.1614452996e+00  -2.9357629131e-02  -1.8413283890e-01  
0 9.6588091219e+00  7.9003731959e+00  6.1447916540e+00  -1.4185181386e+00  -1.1389887686e+00  -3.3605451444e-01  
0 1.0514204946e+01  8.7646858705e+00  5.2759130296e+00  4.0289668366e-01  -7.8345585825e-01  -1.0135152799e+00  
0 1.2277939275e+01  7.0112037637e+00  5.2722084172e+00  -1.0546483783e+00  -5.4652181137e-01  -1.0980161660e+00  
0 1.3116759885e+01  7.9045944378e+00  6.0954720378e+00  2.5943373719e-01  -1.1260842420e+00  1.5367551682e+00  
0 9.6025220012e+00  6.1098360401e+00  7.9049533301e+00  7.9111078491e-01  4.9464038537e-01  -1.7068027860e+00  
0 1.0482622529e+01  5.2434923991e+00  8.7573713499e+00  1.2167964973e+00  -2.7629695122e-01  -4.5796238831e-01  
0 1.2284689118e+01  5.2136175264e+00  6.9676136826e+00  -1.7627141054e+00  6.4955398915e-01  1.9104860964e+00  
0 1.3098396702e+01  6.1413016856e+00  7.8825195305e+00  1.6339761102e+00  -8.3539170223e-01  -1.1940520266e+00  
0 1.0505698436e+01  6.9797929470e+00  7.0277508091e+00  -3.2053497382e-02  2.9093520906e-01  -1.1394016484e+00  
0 1.0469557746e+01  8.7536726369e+00  8.7687164255e+00  1.4021927112e+00  -4.8950865546e-01  -7.1320708277e-01  
0 1.2231565139e+01  7.0128299251e+00  8.7266932037e+00  5.2427992566e-01  -3.8493193992e-01  6.5356061823e-01  
0 1.2240415263e+01  8.7674500359e+00  6.9917380998e+00  4.4069782594e-01  -4.4817939395e-01  -2.2875109096e-01  
0 1.1349407448e+01  7.8861352292e+00  7.8447255044e+00  8.5922171179e-01  6.3810745128e-02  1.6715745153e+00  
0 9.0194215130e-01  9.6574283680e+00  6.1381663660e+00  -1.8296659059e+00  -2.2196460803e+00  -7.2342477683e-01  
0 4.3652859713e+00  9.6190868128e+00  6.1558589933e+00  -3.1881683856e-01  7.0282055919e-01  -2.4165242570e+00  
0 -6.6084779074e-03  1.2265317511e+01  5.2908449801e+00  3.5294174611e-01  -1.5834069467e+00  -1.0248862435e+00  
0 1.7232273384e+00  1.0486750062e+01  5.2178631019e+00  2.0007887848e+00  9.1515298889e-01  2.1313615941e+00  
0 8.5370737557e-01  1.3112224625e+01  6.1511899678e+00  1.0424641221e+00  1.3944872592e+00  -1.3815802332e+00  
0 2.6102016510e+00  1.1395909553e+01  6.1290125304e+00  1.4660174095e-01  -5.9029651531e-01  -1.1299084270e+00  
0 3.4873385524e+00  1.2242306679e+01  5.2396010864e+00  8.8116366639e-01  8.0866802700e-01  4.2837329172e-01  
0 4.4033036238e+00  1.3122932968e+01  6.1360763886e+00  -8.1413212664e-01  4.7044545205e-01  -2.4759270404e-01  
0 2.5915743122e+00  9.6061674740e+00  7.8764317176e+00  1.4234600861e+00  3.8897975330e-01  2.0658577628e-01  
0 2.3278580960e-02  1.0487483423e+01  7.0291303699e+00  -1.7926307723e+00  1.0688955438e+00  -1.9928272424e+00  
0 1.6996231590e-02  1.2238133776e+01  8.7258763930e+00  -1.0125439930e+00  9.9589659866e-01  7.6884399015e-01  
0 1.7115370302e+00  1.0498673724e+01  8.7241446103e+00  1.4467503139e+00  -5.2896471882e-01  1.1753721707e+00  
0 1.7507489689e+00  1.2281409529e+01  6.9668930798e+00  -1.0331445850e+00  -2.0629909624e+00  2.2094865163e+00  
0 8.6352590079e-01  1.1365076140e+01  7.8900254897e+00  9.8074173716e-01  9.4622066617e-01  -1.6400250553e+00  
0 2.5895233180e+00  1.3118034957e+01  7.8696686174e+00  1.9224845416e+00  3.9802511212e-01  1.8286287398e-02  
0 3.4889497605e+00  1.0520610114e+01  6.9809712421e+00  9.4622045860e-02  -9.5310793402e-01  1.6342641097e+00  
0 3.4662095391e+00  1.2229153826e+01  8.7312675688e+00  4.7189835543e-01  7.3419216687e-01  1.0602790641e+00  
0 4.3929034475e+00  1.1371917294e+01  7.9053734768e+00  -1.5839556276e+00  9.6987950701e-01  -1.4011223203e+00  
0 7.8758986081e+00  9.6611838783e+00  6.1520858236e+00  1.2673093819e-01  -1.2724798473e+00  -1.4001110619e+00  
0 5.2385727884e+00  1.0518034374e+01  5.2167860440e+00  -1.6394246379e-01  -6.7243635976e-01  2.4281028827e+00  
0 6.0985196179e+00  1.1401215510e+01  6.1275430416e+00  8.0053798483e-01  -8.4588988209e-01  2.4184930966e-01  
0 6.9782707850e+00  1.2219188532e+01  5.2751111837e+00  4.5199027646e-01  1.9868063461e+00  -1.4720870221e+00  
0 8.7806197500e+00  1.0481846337e+01  5.2270268471e+00  -1.5401204791e+00  3.9063555046e-01  1.3143710006e+00  
0 7.8342490342e+00  1.3157321252e+01  6.0918347346e+00  1.0896571218e+00  -1.7037778005e+00  2.0525042488e+00  
0 6.1122229963e+00  9.6496091432e+00  7.8530848873e+00  5.8407701805e-01  -1.4789302661e-02  9.9491760331e-01  
0 5.2341763417e+00  1.0527198946e+01  8.7827380171e+00  3.2997106609e-01  -1.4123771556e+00  -1.7920159694e+00  
0 5.2626556728e+00  1.2284108263e+01  7.0317764759e+00  -4.6783039072e-01  -1.6162555266e+00  -6.8828848650e-01  
0 6.1229118900e+00  1.3123078452e+01  7.9034919070e+00  3.8015516917e-01  8.9644788160e-01  -2.3544035228e-01  
0 6.9966689546e+00  1.0534988555e+01  6.9703928090e+00  -2.6675399403e-01  -2.1775887513e-01  1.9039133147e+00  
0 6.9785626994e+00  1.2284290017e+01  8.7710864126e+00  6.7436748976e-01  -1.7093558643e+00  -6.5831477872e-01  
0 8.7167841567e+00  1.0523336825e+01  8.7323476491e+00  1.4000000943e+00  -6.9702972334e-01  1.5147363060e+00  
0 8.7187282266e+00  1.2259189621e+01  6.9898360437e+00  7.0407440551e-01  -3.8744433901e-01  1.1889335045e-01  
0 7.8736043425e+00  1.1401924853e+01  7.8965139489e+00  -1.1173637927e+00  -1.3179233624e-01  -1.1198378297e+00  
0 1.1401784088e+01  9.6210678172e+00  6.1086388310e+00  -1.3079381622e+00  1.0251323743e+00  1.1516474756e+00  
0 9.5908686727e+00  1.1348871799e+01  6.1106872935e+00  2.1831263324e+00  1.1803695713e+00  9.6033174600e-01  
0 1.0485150552e+01  1.2231240548e+01  5.2193893142e+00  1.3648165436e+00  2.7322747897e-01  1.9423988811e+00  
0 1.2217013815e+01  1.0532775268e+01  5.2627307990e+00  1.4831584943e+00  -1.1170300971e+00  -5.2017045047e-01  
0 1.1401096385e+01  1.3117115425e+01  6.1507649486e+00  -2.3694795694e+00  -8.2956120127e-02  -1.1266604409e+00  
0 1.3085166837e+01  1.1390218131e+01  6.1300039938e+00  1.3707840377e+00  -7.6617633813e-01  1.0800642200e+00  
0 9.6407131948e+00  9.6284877064e+00  7.9137364127e+00  -1.2096051378e+00  3.8054935839e-01  -1.4758760896e+00  
0 1.3137756966e+01  9.5973381549e+00  7.8584367042e+00  -1.1233564307e+00  1.6733028151e+00  4.8421976285e-01  
0 9.6173071782e+00  1.3127435057e+01  7.8945695299e+00  -6.2020911725e-01  -1.1970447780e-01  -1.1407266682e+00  
0 1.0534845638e+01  1.0495790995e+01  7.0241003646e+00  -1.9067012256e+00  -4.1314810193e-01  -7.4675906540e-01  
0 1.0464182050e+01  1.2243622170e+01  8.7438981196e+00  1.3847461515e+00  1.2746409370e-01  1.1403180759e+00  
0 1.2279737400e+01  1.0492854660e+01  8.7761159438e+00  -1.7300757701e+00  -4.2954064849e-01  -1.4412717631e+00  
0 1.2233871411e+01  1.2266513705e+01  7.0359178074e+00  5.0458074056e-01  -8.6356080097e-01  -7.8291061432e-01  
0 1.1352856683e+01  1.1348688178e+01  7.9057767354e+00  1.2079159209e+00  1.5998329721e+00  -5.7065424545e-01  
0 1.3138867124e+01  1.3117760317e+01  7.8520571928e+00  -4.4414596803e-01  2.9351579436e-01  2.0598392019e+00  
0 8.7452577737e-01  2.6554030316e+00  9.6237084941e+00  -4.9007016786e-01  -2.0686697520e+00  3.1952958761e-01  
0 2.5916676027e+00  8.5129267802e-01  9.5920222772e+00  2.0858574274e+00  1.1767468441e+00  2.9650040440e+00  
0 4.3978814739e+00  2.6552042011e+00  9.6612173612e+00  -7.3202253292e-01  -1.8161567181e+00  -1.5910863299e+00  
0 2.6101386588e+00  4.3743760548e+00  9.6151144888e+00  7.0883405756e-01  -3.6458924658e-01  2.8162637343e-01  
0 3.3871912862e-02  -2.4313100252e-02  1.0523822021e+01  -1.0136863950e+00  1.0468687856e+00  -1.0692649066e+00  
0 -3.5358269004e-02  1.7203059088e+00  1.2288643237e+01  1.6007522740e+00  1.1138391074e+00  -1.4246802632e+00  
0 1.7459691764e+00  1.6648953648e-02  1.2231091545e+01  1.6227805514e+00  -5.9162447822e-01  1.9209247697e+00  
0 1.7373811657e+00  1.7394107633e+00  1.0527972544e+01  2.0371444308e-01  2.6482460938e-01  -1.6298372664e+00  
0 9.0469059496e-01  8.6506454845e-01  1.1411611050e+01  -2.2328164280e+00  6.1584818965e-01  -1.6776172478e+00  
0 9.0753520071e-01  2.6430159062e+00  1.3137404587e+01  -1.5310270434e+00  -1.1015269469e+00  1.5057345714e-01  
0 2.6361824861e+00  8.8624526664e-01  1.3138990427e+01  -6.5544546316e-01  -2.3607271477e-01  -3.5903793492e-01  
0 2.6025023612e+00  2.6081736019e+00  1.1367279544e+01  9.2987925241e-01  1.0855422377e+00  3.9480643562e-01  
0 3.4996610288e+00  -1.0133238960e-02  1.0486274451e+01  -7.3895246412e-01  1.4933546465e+00  6.8911441223e-01  
0 3.4741746917e+00  1.7382304822e+00  1.2230650389e+01  1.2436154075e+00  8.7079264265e-01  7.1904013646e-01  
0 4.3658906219e+00  9.0825494353e-01  1.1361509775e+01  3.2834780734e-01  -2.1586816672e+00  4.9058465929e-01  
0 4.3853442907e+00  2.6164316979e+00  1.3121737364e+01  -3.5928109367e-01  6.2965232119e-01  -6.5421123752e-01  
0 -2.0343229358e-02  3.4684097625e+00  1.0490691634e+01  1.2293703569e+00  2.0691515511e+00  3.6342221726e-01  
0 1.7336059700e+00  3.5019200995e+00  1.2220155075e+01  5.4123548365e-01  3.2523692353e-01  1.8576449481e+00  
0 8.5662297023e-01  4.3842021026e+00  1.1403150678e+01  3.4355510213e-01  -2.0340784088e-01  -2.1651421920e+00  
0 2.6104432472e+00  4.3974525327e+00  1.3145512413e+01  5.9934700085e-01  -1.1224396207e+00  -1.6922850236e+00  
0 3.5267110154e+00  3.4833290662e+00  1.0519841956e+01  -1.7051795548e+00  1.0962273847e+00  -5.7254488817e-01  
0 4.3972698806e+00  4.3867311139e+00  1.1354678699e+01  -1.4745021887e+00  -3.6321658960e-01  1.6063129173e+00  
0 6.0980854923e+00  8.9825908461e-01  9.6448646891e+00  1.2333471849e+00  -1.6568575116e+00  -8.5732939165e-02  
0 7.8424692124e+00  2.6438930582e+00  9.6067911543e+00  1.6035951960e+00  -1.5861116803e+00  1.5927857879e+00  
0 6.1299741314e+00  4.3693987504e+00  9.6195008482e+00  6.3674555168e-01  1.9416628377e+00  7.8788472408e-02  
0 5.2467910817e+00  -2.6921595286e-02  1.2245671665e+01  6.6969094383e-03  1.8638270123e+00  1.8389841269e-01  
0 5.2663294265e+00  1.7290187515e+00  1.0522721225e+01  -1.4557084704e+00  1.4306897115e+00  -9.1422479117e-01  
0 6.1328449893e+00  8.4103404789e-01  1.3139009491e+01  -4.2798142353e-01  2.2152666117e+00  -1.7591953522e+00  
0 6.0944954782e+00  2.6442178643e+00  1.1338573694e+01  1.9446640074e+00  -7.3774326383e-01  1.9096497395e+00  
0 6.9721650676e+00  -9.5012488293e-03  1.0511968167e+01  1.6160968352e+00  4.1975068703e-01  2.5741058079e-01  
0 7.0250981280e+00  1.7709139050e+00  1.2220978752e+01  -2.1822035524e+00  -9.5729763419e-01  4.4988060071e-01  
0 8.7232721892e+00  2.6398518934e-02  1.2267748372e+01  1.2476774173e+00  -2.1527067758e+00  -8.3351029715e-01  
0 8.7762121604e+00  1.7136522630e+00  1.0501276151e+01  -9.1081805021e-01  1.8780714412e+00  -3.0983161133e-01  
0 7.8998864920e+00  8.7949949636e-01  1.1388191489e+01  -1.4355281152e+00  -2.3024224787e-01  -1.3045091251e+00  
0 7.8708542863e+00  2.6029802950e+00  1.3087310945e+01  7.0632091544e-01  1.9206579784e+00  1.4107527051e+00  
0 5.2706358447e+00  3.5330801279e+00  1.2252725630e+01  -5.8409598267e-01  -1.3352865366e+00  -4.7907261207e-01  
0 6.1511054155e+00  4.3936177212e+00  1.3127785368e+01  -6.1413252466e-01  -7.4094609030e-01  -5.4372792700e-01  
0 6.9655443978e+00  3.4916617556e+00  1.0461367246e+01  2.0515008231e+00  1.2163129264e+00  2.1013534375e+00  
0 8.7750155987e+00  3.5017728359e+00  1.2238197088e+01  -3.3635120836e-01  -7.5876944628e-01  2.6898377876e-01  
0 7.9099638152e+00  4.3637949185e+00  1.1404458337e+01  -1.6902621397e+00  8.2527313579e-01  -3.0813374722e+00  
0 9.6581854682e+00  8.5546859338e-01  9.6526157929e+00  -1.3393998953e+00  5.4187416587e-01  -1.6711751855e+00  
0 1.1355674589e+01  2.6200381670e+00  9.6004562051e+00  7.8347960168e-01  -6.0109847016e-01  9.1234776885e-01  
0 1.3141009972e+01  8.7258592193e-01  9.6318409946e+00  3.6116474115e-02  -2.4411254009e-01  1.8716838259e-01  
0 9.5926872294e+00  4.3708171494e+00  9.6426857836e+00  1.7717709017e+00  -7.4327637879e-02  -8.2882848361e-01  
0 1.3155703507e+01  4.3958170682e+00  9.6248088885e+00  -1.3871626792e+00  -2.2103708201e+00  -7.4870143076e-01  
0 9.6019341408e+00  8.3833058457e-01  1.3143958005e+01  1.0268006577e+00  1.9971109928e+00  -1.0405192133e+00  
0 9.6569997292e+00  2.5870482208e+00  1.1381855581e+01  -7.1523112553e-01  1.4299595611e+00  -3.0532827040e-01  
0 1.0537298430e+01  2.5725691002e-02  1.0490660277e+01  -1.1951890306e+00  -1.3631120135e+00  9.4502702107e-01  
0 1.0518334640e+01  1.7388979678e+00  1.2257957820e+01  -6.9336477030e-01  -1.7718375349e-01  3.2872900524e-01  
0 1.2251450906e+01  -1.5144385781e-02  1.2255946915e+01  3.4900405893e-01  8.1463676313e-02  -7.1247909195e-01  
0 1.2258553817e+01  1.7203031324e+00  1.0531187628e+01  -4.2634203904e-01  1.2804025627e+00  -1.5337432346e+00  
0 1.1373166582e+01  8.6863648442e-01  1.1396683014e+01  1.0707373909e+00  -6.4374918924e-02  -2.8533473139e-01  
0 1.1376993490e+01  2.6554380212e+00  1.3126300671e+01  -3.1380216562e-01  -1.2786299662e+00  3.8347108017e-01  
0 1.3114506329e+01  8.3764501269e-01  1.3133944570e+01  -4.4699354788e-01  1.1151784752e+00  1.3437337109e-01  
0 1.3110163140e+01  2.6539212687e+00  1.1354604196e+01  6.1977575225e-02  -2.1921181446e+00  1.7041692835e+00  
0 9.6277669809e+00  4.3665506944e+00  1.3102140642e+01  -4.8084987898e-01  1.0182356098e+00  9.0427075245e-01  
0 1.0520607411e+01  3.5145380980e+00  1.0511402789e+01  -1.1550831246e+00  -1.0241902098e+00  -1.0590133991e+00  
0 1.2245045817e+01  3.5015300837e+00  1.2270702797e+01  1.9439776715e-01  5.6097595289e-01  -1.1181781759e+00  
0 1.1391218643e+01  4.3794817121e+00  1.1349490016e+01  -3.0898157790e-01  2.9762342081e-01  1.3864393926e+00  
0 1.3117608330e+01  4.3853582246e+00  1.3103725055e+01  -6.9540086094e-01  -3.0775173123e-01  9.4299594530e-01  
0 8.5898549242e-01  6.1247720185e+00  9.6032772936e+00  1.0694785754e+00  3.3830689253e-01  1.0254695016e+00  
0 4.3698072183e+00  6.1538405811e+00  9.6101428098e+00  -1.6975308470e-01  -2.5387919528e+00  1.6530970691e-01  
0 2.6223676879e+00  7.9002139865e+00  9.6583527951e+00  1.1729366236e+00  -2.6868172224e+00  -1.7579592793e+00  
0 -2.3627492935e-02  5.2669366596e+00  1.2223967931e+01  1.4042401277e+00  3.4527230459e-02  2.3293312407e+00  
0 1.7493481343e+00  5.2718035935e+00  1.0506498773e+01  -4.1944595024e-02  -1.1383092369e+00  1.1225640565e-01  
0 8.9535474050e-01  6.1546666492e+00  1.3159772524e+01  -1.5046961810e+00  -6.7078463805e-01  -1.5939145119e+00  
0 2.6589199280e+00  6.1198518685e+00  1.1396824232e+01  -1.5439565795e+00  6.4022628063e-01  -1.1530264973e+00  
0 3.4894028782e+00  5.2709671764e+00  1.2264213609e+01  1.0190131366e+00  -1.1688467491e+00  -8.0617351594e-01  
0 4.4109769578e+00  6.1088558567e+00  1.3110307880e+01  -1.1999048022e+00  2.0517844041e-01  1.1283344239e+00  
0 -8.0838920155e-03  6.9955465090e+00  1.0513089432e+01  4.7402250133e-01  6.1313563805e-01  -1.4542451262e+00  
0 -4.5182282707e-03  8.7388950765e+00  1.2260468522e+01  2.2130072489e-01  7.9652564246e-01  -1.3286241525e+00  
0 1.7572006556e+00  7.0230069842e+00  1.2246370189e+01  2.8599405749e-01  -1.1721276036e+00  5.6491198985e-01  
0 1.7763758844e+00  8.7402057396e+00  1.0479296577e+01  -2.2968203668e+00  8.8916107898e-01  1.4112709377e+00  
0 8.8902589404e-01  7.8670952744e+00  1.1365321993e+01  -3.0488263785e-01  4.9516173706e-01  3.9498733922e-01  
0 2.6572891694e+00  7.8440172240e+00  1.3154988466e+01  -1.3226094480e+00  1.2292336469e+00  -9.4044992119e-01  
0 3.5242759268e+00  6.9634538739e+00  1.0508000745e+01  -1.2504505575e+00  1.6881337586e+00  1.6357517418e-01  
0 3.4680606525e+00  8.7173275608e+00  1.2278499836e+01  2.2762441508e+00  1.6069015030e+00  -1.2571479599e+00  
0 4.3795564683e+00  7.8764841442e+00  1.1375164718e+01  -2.0076132093e-01  -1.0968998092e+00  6.3286694458e-01  
0 7.8754653336e+00  6.1294323142e+00  9.6514119725e+00  1.1401645084e-01  3.4386177320e-01  -2.0015029928e+00  
0 6.0963663986e+00  7.8507647785e+00  9.5916274115e+00  9.2041252665e-01  8.9947171207e-01  1.2381865426e+00  
0 5.2521716284e+00  5.2273791348e+00  1.0480804299e+01  -4.8879009242e-02  1.9300943837e+00  3.6011175342e-01  
0 6.0928966419e+00  6.1357140098e+00  1.1401379788e+01  2.5371525290e+00  -6.8252125466e-01  -1.9218933041e+00  
0 6.9973218899e+00  5.2562958446e+00  1.2241034558e+01  9.4510637723e-01  1.4274148309e-01  1.0510943203e+00  
0 8.7814710533e+00  5.2692848876e+00  1.0464827998e+01  -2.2379724726e+00  -8.5214058116e-01  2.3375323158e+00  
0 7.9115794853e+00  6.1310126355e+00  1.3160488303e+01  -1.8824183143e+00  -5.2885046265e-01  -1.1508379555e+00  
0 5.2751102769e+00  6.9858099124e+00  1.2277009377e+01  -2.0727688611e+00  5.5129468244e-01  -1.5979068332e+00  
0 5.2207399102e+00  8.7141296988e+00  1.0462197564e+01  7.0966479326e-01  1.1351849476e+00  1.3749161146e+00  
0 6.0990714122e+00  7.8637439373e+00  1.3108284087e+01  2.0386700545e+00  5.1416274052e-01  1.7345618922e+00  
0 7.0197855935e+00  7.0124189170e+00  1.0490881990e+01  -1.1806286178e+00  -9.2406775879e-01  7.9949109007e-01  
0 7.0226160784e+00  8.7494628167e+00  1.2225382021e+01  -1.1304739525e+00  -4.2238022716e-01  1.3445386542e+00  
0 8.7522737435e+00  6.9636709402e+00  1.2266346144e+01  5.5181079945e-01  1.2137117049e+00  -8.5123865301e-01  
0 8.7253705740e+00  8.7801569910e+00  1.0523927780e+01  1.7505237142e+00  -1.6170170155e+00  -8.2205582092e-01  
0 7.8977093564e+00  7.8607510861e+00  1.1391994369e+01  -1.2509455491e+00  4.4546128192e-01  -5.9532531175e-01  
0 1.1402809053e+01  6.1360816056e+00  9.5911145483e+00  -1.2218691373e+00  -8.5759380921e-01  1.8669505030e+00  
0 9.6451587959e+00  7.8407874938e+00  9.6375404152e+00  -1.5804695635e+00  2.0801063137e+00  -3.2708460080e-02  
0 1.3097947901e+01  7.8649951835e+00  9.6276873523e+00  1.0998848677e+00  8.4337229470e-01  -4.4577070421e-01  
0 9.6080010051e+00  6.1072116573e+00  1.1368197191e+01  1.4326149723e+00  9.1252675224e-01  3.0473480632e-01  
0 1.0487250489e+01  5.2739653011e+00  1.2252313199e+01  6.5014861977e-01  -1.0096719289e+00  -4.3790253093e-01  
0 1.2284975812e+01  5.2294641105e+00  1.0510156234e+01  -7.4123027643e-01  1.8161258219e+00  -1.2135211180e+00  
0 1.1365704419e+01  6.1524218015e+00  1.3134747386e+01  7.1478489076e-01  -1.5204708786e+00  -4.2238034058e-01  
0 1.3149312686e+01  6.1582982580e+00  1.1371147347e+01  -1.7084937813e+00  -1.3085506354e+00  5.6376613347e-01  
0 9.6509000227e+00  7.8686779830e+00  1.3105110530e+01  -1.0277545156e+00  1.6586752198e-01  5.6188688131e-01  
0 1.0515568105e+01  7.0098841257e+00  1.0523015424e+01  -3.3886105072e-01  -8.7995830273e-01  -8.4685060677e-01  
0 1.0469283210e+01  8.7827604940e+00  1.2216552143e+01  1.9715976185e+00  -2.2644141831e+00  2.3839780026e+00  
0 1.2238229772e+01  6.9928586542e+00  1.2247973579e+01  2.2174896845e-01  1.0652347901e+00  4.3345662830e-01  
0 1.2270233709e+01  8.7481584126e+00  1.0530819338e+01  -1.3221296509e+00  -4.6446511693e-02  -1.5975375484e+00  
0 1.1370226333e+01  7.8820134654e+00  1.1395655879e+01  -7.9433401850e-03  -1.8140697286e-02  -9.2722126697e-01  
0 1.3086527453e+01  7.9117758085e+00  1.3104588275e+01  1.2048030105e+00  -1.5711826673e+00  1.0329327709e+00  
0 8.5267979467e-01  9.6001027120e+00  9.6017683876e+00  8.3764537505e-01  9.1842216920e-01  5.8149160554e-01  
0 4.3478458490e+00  9.5875219963e+00  9.6014052923e+00  1.6023534551e+00  2.0721893367e+00  1.7802494789e+00  
0 8.8089201646e-01  1.3133246736e+01  9.5993024070e+00  -5.8496234387e-02  -6.9251425130e-01  1.0107240984e+00  
0 2.5909240944e+00  1.1341713587e+01  9.6131327589e+00  3.4104096478e-01  1.1378390888e+00  -2.8444451019e-01  
0 4.3408813617e+00  1.3148229048e+01  9.6463789095e+00  1.4801180426e+00  -1.6548820412e+00  -1.9541267680e+00  
0 8.5410134175e-01  9.6132502177e+00  1.3118750308e+01  1.1633741346e+00  2.4422334320e-01  -7.2155146411e-01  
0 2.6234415767e+00  9.6330462284e+00  1.1384037426e+01  -5.8306166250e-01  -7.1718127832e-01  1.1467256303e-02  
0 4.3777333647e+00  9.6584494389e+00  1.3116077054e+01  -1.1722829507e+00  -1.3402951042e+00  1.0183509667e+00  
0 2.3817314114e-02  1.0523762959e+01  1.0474152021e+01  -8.2492114521e-01  -1.1396539519e+00  9.4684832448e-01  
0 3.6234032858e-03  1.2238081614e+01  1.2228858629e+01  7.8209378435e-02  4.1597405182e-01  1.2836493147e+00  
0 1.7414509608e+00  1.0498725105e+01  1.2220565577e+01  3.5327639786e-01  -1.8507925229e-01  2.1193699407e+00  
0 1.7193325861e+00  1.2249096560e+01  1.0485877347e+01  1.8772618547e+00  -5.7620249217e-02  5.3564130159e-01  
0 9.0436670983e-01  1.1358778459e+01  1.1397033368e+01  -2.0338705645e+00  1.2634052764e+00  -2.1150924192e+00  
0 9.0682309776e-01  1.3155999593e+01  1.3115231375e+01  -1.4218339497e+00  -9.8111958736e-01  7.5620340509e-01  
0 2.5890809597e+00  1.1400452973e+01  1.3135280728e+01  1.7163785188e+00  -3.8107542290e-01  -9.9920631046e-01  
0 2.6540313409e+00  1.3141884502e+01  1.1369760640e+01  -2.2640885104e+00  -3.1333989332e-01  -6.7199185182e-01  
0 3.4670980156e+00  1.0491912455e+01  1.0470195138e+01  1.6561434748e+00  1.5805408326e-01  1.6082205903e+00  
0 3.4711510326e+00  1.2268806275e+01  1.2224940872e+01  1.2865848075e+00  -3.3400613025e-01  1.5709100669e+00  
0 4.4009762435e+00  1.1403711149e+01  1.1404254282e+01  -2.1453858334e+00  -2.1136121327e+00  -2.1056875880e+00  
0 4.3769375901e+00  1.3152501101e+01  1.3110500938e+01  -6.6540627148e-01  -1.0424106930e+00  7.2780059172e-01  
0 7.8731295979e+00  9.6115553813e+00  9.6066053079e+00  -6.3825948528e-01  1.0368699065e+00  9.7735320304e-01  
0 6.1158918389e+00  1.1403460437e+01  9.6030204421e+00  -3.7782018144e-02  -1.3295249849e+00  1.2841199892e+00  
0 7.8733765956e+00  1.3105017144e+01  9.6267380793e+00  -3.6876074073e-01  1.6329367483e+00  7.1718666924e-01  
0 6.1077329521e+00  9.5957818660e+00  1.1372052006e+01  3.5157721105e-01  8.4998366228e-01  -1.0764218173e+00  
0 7.8683135604e+00  9.6258229611e+00  1.3151268768e+01  9.8890546458e-01  -1.9792154962e-01  -2.1732775887e+00  
0 5.2374226445e+00  1.0478937643e+01  1.2246868515e+01  6.5660694837e-01  7.1586835699e-01  -3.1780720406e-01  
0 5.2327826306e+00  1.2228818175e+01  1.0469303990e+01  9.8109945671e-01  1.9712802835e+00  1.8908508018e+00  
0 6.1268064019e+00  1.1349377104e+01  1.3099024162e+01  1.5069550011e-01  3.9269181096e-01  1.2750164380e+00  
0 6.1490065685e+00  1.3124463135e+01  1.1409896158e+01  -1.8054137727e+00  -9.2539062688e-01  -1.8503647546e+00  
0 7.0028117784e+00  1.0510603392e+01  1.0469881287e+01  -5.0440826328e-01  -1.2174560996e-02  8.4610523123e-01  
0 7.0167426789e+00  1.2213863002e+01  1.2268022440e+01  -8.3669814947e-01  1.1315205680e+00  -1.0938497500e+00  
0 8.7662159970e+00  1.0533843993e+01  1.2253164217e+01  -1.1814462637e+00  -1.4424912359e+00  3.8958777604e-03  
0 8.7737386170e+00  1.2259542413e+01  1.0517981353e+01  -1.3714437013e+00  5.8334103347e-02  -9.3628183269e-01  
0 7.8681155117e+00  1.1386854145e+01  1.1357466325e+01  6.2008166678e-01  -4.5271958232e-01  8.3580918983e-01  
0 7.8399682995e+00  1.3142799646e+01  1.3125158066e+01  2.0206628224e+00  -1.1705238762e+00  -5.1922328236e-02  
0 1.1348207766e+01  9.6011921800e+00  9.6000438846e+00  1.2398856541e+00  1.0094375698e+00  2.3146499107e+00  
0 9.6124973544e+00  1.1385290361e+01  9.6517253372e+00  8.2627880884e-02  -3.7756891179e-01  -4.0632638719e-01  
0 1.1376437816e+01  1.3136632978e+01  9.6330626826e+00  3.3568018389e-01  -5.4071802059e-01  -7.3593521870e-01  
0 1.3112497303e+01  1.1378773386e+01  9.6119714556e+00  1.2446895512e+00  6.9695995949e-02  3.7768773969e-01  
0 9.6288701395e+00  9.6172860209e+00  1.1400809934e+01  -1.3861678722e+00  1.6322538785e+00  -1.5249546102e+00  
0 1.1377842791e+01  9.6260463454e+00  1.3092699898e+01  -6.4698929838e-01  7.0999258522e-02  1.4096596073e+00  
0 1.3124034191e+01  9.6543318874e+00  1.1355840987e+01  5.8368651704e-01  -1.2323056680e+00  7.0457877187e-01  
0 9.6189497058e+00  1.1408449133e+01  1.3106022003e+01  -1.5130914849e-01  -4.2691297466e-01  1.2522377312e+00  
0 9.6352501264e+00  1.3140872591e+01  1.1363348683e+01  -4.1972153445e-01  -4.3592075961e-03  7.9878274737e-01  
0 1.0480045380e+01  1.0487329763e+01  1.0528542686e+01  8.5429979448e-01  5.4557765630e-01  -1.2879421688e+00  
0 1.0488234887e+01  1.2251226028e+01  1.2228797313e+01  1.2456465561e+00  9.9455670090e-01  1.3583090882e+00  
0 1.2252651831e+01  1.0467915951e+01  1.2251309725e+01  7.5477362732e-02  2.3569654600e+00  -1.8156727499e-01  
0 1.2265557896e+01  1.2243128792e+01  1.0478525880e+01  -6.4009035640e-01  3.8228799733e-01  5.3689987031e-01  
0 1.1408529486e+01  1.1396219828e+01  1.1392453244e+01  -1.1775977088e+00  -1.0752525941e+00  -9.8910755498e-01  
0 1.1409534559e+01  1.3138979284e+01  1.3112693153e+01  -1.8818646929e+00  -1.0383827344e+00  5.4251753835e-01  
0 1.3113801551e+01  1.1391638233e+01  1.3141533512e+01  5.2177077657e-01  -7.3112827290e-01  -7.2352714179e-01  
0 1.3115585668e+01  1.3117219311e+01  1.1344660977e+01  1.0944064774e+00  -5.8959231793e-02  1.0412588939e+00  
