#N 512 1
#C Si
#X   1.4000000000e+01 0.0 0.0
#Y  0.0   1.4000000000e+01 0.0
#Z  0.0 0.0   1.4000000000e+01
#E 0.0
#F
0 -2.9096142165e-02  -1.4238452356e-02  1.9346724564e-02  1.8355690271e+00  9.8986273045e-01  -8.7524857903e-01  
0 1.5685144962e-02  1.7244080691e+00  1.7626436771e+00  -1.1317099521e+00  1.0662430999e+00  -3.7839804302e-01  
0 1.7664817663e+00  2.8135384527e-03  1.7522701328e+00  -6.9683120815e-01  1.1227251918e-02  -9.4642867735e-02  
0 1.7710164165e+00  1.7517211528e+00  1.8657855277e-02  -1.0072912790e+00  -1.3536122993e-01  -6.7798183306e-01  
0 8.5312851851e-01  8.7955319265e-01  8.9794680839e-01  1.4031733367e+00  -7.7955723395e-01  -1.1989309131e+00  
0 8.4546075390e-01  2.6198145189e+00  2.6040850191e+00  1.1393805508e+00  3.1709283634e-01  1.1619173691e+00  
0 2.6250338632e+00  8.5450976274e-01  2.6023244609e+00  -2.3837469464e-01  1.1431996551e+00  2.0149436124e+00  
0 2.6341151493e+00  2.5969026593e+00  8.9339402681e-01  -8.8406902767e-02  1.0900020438e+00  -5.0374071027e-01  
0 3.4935319307e+00  2.7889656079e-02  2.7347645208e-03  9.7686630468e-01  -7.3664656243e-01  -3.9551486836e-02  
0 3.4774017368e+00  1.7261461601e+00  1.7733197568e+00  1.3065443358e+00  1.3331765596e+00  -1.1166156431e+00  
0 4.3890044737e+00  8.9649237210e-01  8.9388741224e-01  -3.6515904969e-01  -7.0001803871e-01  -8.5973982963e-01  
0 4.3570404465e+00  2.6075140691e+00  2.6361024949e+00  5.2375352029e-01  6.6353908966e-01  -4.3409222142e-01  
0 -2.9152978683e-02  3.4892208585e+00  3.7515186952e-03  1.4383174659e+00  4.1938781336e-01  -5.4516549303e-01  
0 1.7700693538e+00  3.4725727295e+00  1.7561133064e+00  -1.1906058743e+00  9.6998018171e-01  -3.1979891539e-01  
0 8.4955446594e-01  4.3729890650e+00  8.6063306593e-01  9.2947306887e-01  -2.9497775418e-01  9.0984227376e-01  
0 2.6297404791e+00  4.3643552795e+00  2.6371175719e+00  -8.6570672069e-01  5.5616214978e-01  -5.6887589223e-01  
0 3.5012257074e+00  3.5091739195e+00  -2.5637553842e-02  -1.3747672781e-01  -9.0998398796e-01  1.4614905902e+00  
0 4.3766960902e+00  4.3793720239e+00  8.7646204551e-01  -1.0489556346e-01  -6.2168049800e-01  -5.8121205861e-01  
0 2.3300817286e-02  -2.4888503274e-02  3.4961704421e+00  -8.4183542287e-01  9.3660186379e-01  6.5098452888e-01  
0 1.7264189339e+00  1.7745898890e+00  3.5171480239e+00  1.0267979340e+00  -1.4403557209e+00  -9.8113901632e-01  
0 8.5372295381e-01  8.6030752230e-01  4.3821508531e+00  1.0020523385e+00  5.6129157672e-01  -6.6067552215e-02  
0 2.6387286711e+00  2.6461872460e+00  4.3637609005e+00  -8.7298390892e-01  -1.0001933521e+00  2.7557654155e-01  
0 3.5094210322e+00  -1.2991347734e-02  3.4794701905e+00  3.4693006477e-03  6.7611244354e-01  9.3268898072e-01  
0 4.3959708344e+00  8.5403037878e-01  4.3883156666e+00  -6.6735123841e-01  1.4488281333e+00  -1.3664800609e+00  
0 -2.4288426315e-02  3.5020600978e+00  3.4990277213e+00  9.1504995479e-01  -2.4479514394e-01  -4.1015633214e-01  
0 8.6907341069e-01  4.3795494180e+00  4.3950289528e+00  2.9192820498e-02  -4.8709909161e-01  -1.3855292638e+00  
0 3.4765971236e+00  3.5185891661e+00  3.5075169091e+00  1.3424614860e+00  -8.3784336402e-01  -6.3651810805e-01  
0 4.3508260376e+00  4.3621795655e+00  4.3700718230e+00  1.2114085629e+00  7.1187882827e-01  -2.7088599055e-01  
0 5.2484487331e+00  2.6764141768e-02  1.7462764640e+00  5.2886940151e-01  -1.1447569529e+00  -7.7233100429e-03  
0 5.2662323646e+00  1.7517591756e+00  2.9109340250e-03  -7.9477301392e-01  -1.1134147975e-02  -5.3136378056e-01  
0 6.1122141530e+00  8.9321855325e-01  2.5992510229e+00  7.5161363221e-01  -1.0383702705e+00  1.3200539445e+00  
0 6.1093690604e+00  2.6385633055e+00  8.4642414781e-01  1.5035485733e+00  -1.0476189165e+00  6.0974538756e-01  
0 7.0055698805e+00  -4.4232383713e-03  -2.8062035904e-02  -7.7570883242e-01  -4.3446727647e-02  1.8405369995e+00  
0 6.9770973018e+00  1.7257848524e+00  1.7566686461e+00  1.0295058397e+00  2.1438196814e+00  -1.4979944698e+00  
0 8.7274486938e+00  1.9754377126e-02  1.7349916378e+00  1.3743504932e+00  -8.6237339578e-01  6.5138770034e-01  
0 8.7346025260e+00  1.7478992027e+00  -2.7882418345e-02  5.0181117319e-01  -1.1441157114e-01  1.4712051768e+00  
0 7.8658456386e+00  8.7976824730e-01  8.8832922891e-01  -2.1058388023e-01  -3.3656301105e-01  -1.1616158862e+00  
0 7.8694368135e+00  2.6403148664e+00  2.6175551805e+00  8.0990244402e-02  -9.8105347178e-01  4.1940928247e-02  
0 5.2732735863e+00  3.4766240859e+00  1.7244175979e+00  -1.6792932893e+00  1.3264839410e+00  1.1859685591e+00  
0 6.1516327609e+00  4.3675611512e+00  2.5972806417e+00  -1.2216191987e+00  2.2829502713e-02  1.1251935848e+00  
0 7.0108682195e+00  3.5257148042e+00  -7.2876494132e-03  -5.8046498043e-01  -1.7092728886e+00  -4.1497691541e-01  
0 8.7696786947e+00  3.4911124774e+00  1.7281498038e+00  -1.5804966307e+00  4.6303722164e-01  1.0020393345e+00  
0 7.8547137898e+00  4.3509928752e+00  8.7664307290e-01  1.3967288365e+00  1.0752739582e+00  -5.4412658160e-01  
0 5.2621957606e+00  1.7389459219e+00  3.4729168432e+00  -5.1884162775e-01  6.0453202749e-01  1.2556536095e+00  
0 6.1419372284e+00  2.6293378282e+00  4.3802426800e+00  -1.2127700856e+00  -2.6785039839e-01  -8.8272454874e-01  
0 7.0259412069e+00  1.5405699682e-02  3.4818139317e+00  -1.8900476148e+00  -8.8954526270e-01  4.9230343397e-01  
0 8.7529266755e+00  1.7528267496e+00  3.4760958592e+00  -1.4828699573e-01  -3.4767199065e-01  7.6157953402e-01  
0 7.8802257576e+00  8.5164840606e-01  4.3751999027e+00  -2.3441567703e-01  1.3943122216e+00  -3.0826842456e-01  
0 7.0047443635e+00  3.5088311543e+00  3.4978448133e+00  2.7051123777e-01  -2.2729382594e-02  -1.4273725193e-01  
0 7.8909415942e+00  4.3922255460e+00  4.3628502749e+00  -1.0230347057e+00  -5.4186534569e-01  5.3478379225e-01  
0 9.6259858399e+00  8.7881367232e-01  2.6007011648e+00  1.9616175356e-01  2.1103409653e-01  8.6292485833e-01  
0 9.6096307300e+00  2.6274121114e+00  8.7380306489e-01  8.1333916354e-01  1.2429431434e-01  -7.4364131315e-01  
0 1.0510650295e+01  2.7197730430e-03  -2.9594979024e-02  -4.5783555655e-01  -3.1388177248e-01  1.7849145266e+00  
0 1.0521259369e+01  1.7788623880e+00  1.7668132174e+00  -1.2061497045e+00  -1.5467236188e+00  -1.6952306983e+00  
0 1.2274358372e+01  -2.2369166875e-02  1.7246241119e+00  -1.4930630825e+00  1.2241385919e+00  2.1573473109e+00  
0 1.2227760969e+01  1.7378603010e+00  9.8071049644e-03  1.2049171376e+00  6.6280156444e-01  -6.3298696335e-01  
0 1.1389153129e+01  8.8783351410e-01  8.7380125705e-01  -7.2338141260e-01  -6.3618594393e-01  2.6281130293e-01  
0 1.1365057361e+01  2.6537456105e+00  2.6005299918e+00  8.7280488800e-01  -1.3025720335e+00  1.3218246261e+00  
0 1.3150720566e+01  8.5753176867e-01  2.6495419191e+00  -1.1961407961e+00  6.1376523311e-02  -1.1399754645e+00  
0 1.3135625615e+01  2.5988075072e+00  8.6606453558e-01  -9.3179877283e-01  4.7882318240e-01  3.8190488608e-01  
0 9.6303094032e+00  4.3738730768e+00  2.6224266138e+00  -6.6025335189e-01  5.4525548730e-01  5.3661624706e-02  
0 1.0476100567e+01  3.5284675259e+00  -1.7433804062e-02  1.1371751053e+00  -1.2038845368e+00  7.7448103842e-01  
0 1.2232322352e+01  3.4844123061e+00  1.7364342003e+00  1.0799716365e+00  8.1456588115e-01  3.1756807135e-01  
0 1.1397796276e+01  4.3867818766e+00  8.8707437914e-01  -1.7178479342e+00  -5.2932766777e-01  -8.9279151480e-01  
0 1.3125990873e+01  4.3717523832e+00  2.6103720080e+00  -8.0580756541e-01  -5.5963767685e-01  1.3179528446e+00  
0 9.6084544175e+00  2.6010787130e+00  4.3584829186e+00  9.2128302205e-01  1.4823865387e+00  3.6170009384e-01  
0 1.0502520110e+01  -5.6284904276e-03  3.4846278434e+00  -2.5853835398e-01  1.2029770500e-01  4.5828517110e-01  
0 1.2260579424e+01  1.7490512716e+00  3.4873554781e+00  -1.5187072506e-01  -9.8979788917e-02  4.4628639934e-01  
0 1.1401437839e+01  8.7941800906e-01  4.3965985417e+00  -1.6307233843e+00  1.5092769827e-01  -1.6283286697e+00  
0 1.3134554692e+01  2.6189881377e+00  4.3564223590e+00  -6.2301918419e-01  3.9563657098e-01  6.5152774469e-01  
0 1.0505389073e+01  3.5235548099e+00  3.4865054954e+00  -3.5762228106e-01  -1.0089958866e+00  6.3458760816e-01  
0 1.1389547731e+01  4.3834525765e+00  4.3821495266e+00  -1.2054788628e+00  -1.5567635359e+00  3.7902955777e-01  
0 -2.6346720084e-02  5.2287994252e+00  1.7755622306e+00  1.3681174549e+00  9.4871605852e-01  -1.5447912128e+00  
0 1.7595888986e+00  5.2585049864e+00  3.5396951969e-03  -1.1128953611e+00  -4.4512108946e-01  -7.8604904348e-02  
0 8.8567856383e-01  6.1196307850e+00  2.6052538433e+00  -1.0124562495e+00  -5.4665606022e-01  1.1963019710e+00  
0 2.6302401169e+00  6.1042033411e+00  8.5933141195e-01  -3.4880222062e-01  5.3656875725e-01  9.5307900285e-01  
0 3.4730860290e+00  5.2467716654e+00  1.7254168675e+00  1.4829862149e+00  -4.2980873137e-01  1.4074611384e+00  
0 4.3788986264e+00  6.1246955964e+00  2.6246166047e+00  -2.9143330174e-01  -1.1256832056e-01  -3.1822560619e-01  
0 -1.8619379047e-02  7.0235353781e+00  2.0760482631e-02  5.6112075170e-01  -8.2930986557e-01  -8.2696117472e-01  
0 1.9458583268e-02  8.7330660166e+00  1.7644852953e+00  -5.7965116987e-01  1.4847480550e+00  -9.9773747271e-01  
0 1.7478684878e+00  6.9722017872e+00  1.7608913518e+00  7.3522713214e-01  1.2148323869e+00  -1.3396145248e+00  
0 1.7736690102e+00  8.7668002560e+00  -1.4789994067e-02  -8.4475486491e-01  -6.3223340589e-01  7.8813697382e-01  
0 8.7193065401e-01  7.8991593950e+00  8.5552131587e-01  3.6970755177e-01  -1.1357667117e+00  1.2830595606e+00  
0 2.6404844449e+00  7.8970505764e+00  2.6240352729e+00  -1.2750222824e+00  -1.8294730895e+00  1.9497347868e-01  
0 3.5051179931e+00  6.9718785321e+00  6.6764814184e-03  -4.7282897926e-02  8.3865782346e-01  -1.0112904277e-01  
0 3.4885783205e+00  8.7258695011e+00  1.7736656284e+00  6.2671425481e-01  1.7494712986e+00  -1.8731295580e+00  
0 4.3671308072e+00  7.8790059716e+00  8.8772360499e-01  2.4389778778e-01  -7.1577599640e-01  -5.0164430803e-01  
0 1.7247220003e+00  5.2497908127e+00  3.5136460883e+00  1.2243610983e+00  -1.2429714251e-02  -5.3864305255e-01  
0 2.6133731283e+00  6.1432031303e+00  4.4021146396e+00  5.4189981658e-01  -9.2006087952e-01  -1.3909490038e+00  
0 2.4737884584e-02  7.0005157193e+00  3.4910121692e+00  -1.3812986334e+00  -3.2863503750e-01  -1.3712347659e-01  
0 1.7371935546e+00  8.7518749642e+00  3.4763090810e+00  1.1133209023e+00  5.9949660893e-02  9.1759217512e-01  
0 8.9649519855e-01  7.8636959690e+00  4.3504521097e+00  -1.4355848528e+00  7.9740696633e-01  7.0073923255e-01  
0 3.5142086308e+00  7.0121353011e+00  3.5058464758e+00  -9.4003324840e-01  -5.3751559457e-01  -5.1498864486e-01  
0 4.3689440502e+00  7.8724951391e+00  4.3524485410e+00  5.3327770796e-01  4.9494235801e-01  1.3506622619e+00  
0 5.2435748380e+00  5.2268979559e+00  -2.4557841630e-02  7.0379804287e-01  1.1856021509e+00  9.5993205557e-01  
0 6.1095786960e+00  6.1222180815e+00  8.7505876268e-01  1.1751850085e+00  -4.3801073335e-01  -4.9485576213e-01  
0 7.0050835808e+00  5.2373969959e+00  1.7375797928e+00  1.1545906455e-02  2.7370025890e-01  2.2299070198e-01  
0 8.7427041942e+00  5.2465045619e+00  1.0255708612e-02  4.8781213392e-01  -1.2109011096e-01  -4.6303693385e-01  
0 7.8832050499e+00  6.1096024129e+00  2.6017012159e+00  -1.1550225599e-01  1.0358906436e+00  1.0165373418e+00  
0 5.2699724203e+00  6.9777758102e+00  1.7289930498e+00  -1.1402619384e+00  1.0812745127e+00  1.3870799875e+00  
0 5.2368648456e+00  8.7425329476e+00  5.7863799631e-03  2.5328458917e-01  4.9095246573e-01  -1.2287636784e-01  
0 6.1335814829e+00  7.8932647367e+00  2.6333395867e+00  -1.0818609378e-02  -1.0709526650e+00  -7.7247528585e-01  
0 7.0258489448e+00  6.9986734314e+00  2.5166195016e-02  -1.6065077818e+00  -3.8458499278e-01  -1.4159238935e+00  
0 7.0106098045e+00  8.7340610017e+00  1.7555570796e+00  -5.2072392694e-01  8.5756020333e-01  -1.4014781693e-01  
0 8.7760049857e+00  7.0062842527e+00  1.7606288518e+00  -1.6005114505e+00  -6.9800437977e-01  -1.3158187179e+00  
0 8.7463878235e+00  8.7225619399e+00  -2.7949166260e-02  -1.4110190581e-01  9.8698310419e-01  1.4215043499e+00  
0 7.8542296821e+00  7.8674927184e+00  8.7095312957e-01  1.6902368653e+00  2.5436302982e-01  7.5214164961e-01  
0 5.2525926192e+00  5.2519511357e+00  3.4875145770e+00  8.7161724340e-02  -3.1922345244e-01  2.4519462004e-01  
0 6.1316641455e+00  6.1508862909e+00  4.3804322291e+00  3.3700970220e-01  -1.2933607621e+00  3.5343892519e-02  
0 8.7269268504e+00  5.2750018737e+00  3.5115429309e+00  1.4546924013e+00  -1.5310825056e+00  -5.8311998619e-01  
0 5.2494197881e+00  8.7725088355e+00  3.4717278455e+00  8.1341067087e-03  -1.0911722991e+00  1.2355858226e+00  
0 7.0219254182e+00  7.0033154110e+00  3.5166689860e+00  -9.9397429081e-01  1.6392985473e-01  -9.7849483473e-01  
0 8.7705360816e+00  8.7662479719e+00  3.4958536142e+00  -2.6541589004e-01  -9.2024465554e-01  4.8974380324e-02  
0 7.8730009410e+00  7.8895944848e+00  4.3634133045e+00  7.9069108864e-01  -3.3220004583e-01  9.1513653999e-01  
0 9.6145082892e+00  6.1113615494e+00  8.6991963088e-01  8.9631731218e-01  6.4069282011e-01  4.9286916119e-01  
0 1.0473426433e+01  5.2541234236e+00  1.7638818626e+00  1.2056780443e+00  -3.5467101937e-01  -5.3597341316e-01  
0 1.2237442048e+01  5.2409491631e+00  1.2392901285e-02  8.7734163152e-01  7.7769820851e-01  -6.5162888616e-01  
0 1.1392375977e+01  6.1006177889e+00  2.6340270078e+00  -1.1260231309e+00  6.3961828398e-01  5.8980065101e-02  
0 1.3130339657e+01  6.0981356777e+00  8.8003816248e-01  -6.3223007097e-01  1.1783485341e+00  4.8372161808e-02  
0 9.6243026924e+00  7.8592965544e+00  2.5994573874e+00  8.8358588068e-01  7.3658594756e-01  1.8545373528e+00  
0 1.0526166742e+01  7.0127657593e+00  5.6221728468e-03  -1.6378886646e+00  -6.9795907821e-01  -8.9375879501e-01  
0 1.0505633975e+01  8.7429772363e+00  1.7547640521e+00  -4.2725575619e-01  2.5699508793e-02  -7.1972433635e-01  
0 1.2230562885e+01  6.9773849868e+00  1.7565381836e+00  7.8868929535e-01  6.0455942092e-01  -1.7380086764e-01  
0 1.2251623991e+01  8.7657212520e+00  1.7605937349e-02  -6.2818372013e-01  -9.5498838933e-01  -7.6060993216e-01  
0 1.1356877729e+01  7.8659092075e+00  8.5642481064e-01  1.1806611579e+00  6.1503493264e-01  1.3300219138e+00  
0 1.3110620580e+01  7.8874453692e+00  2.6040767534e+00  7.9208952854e-01  -8.6155621696e-01  1.1068520252e+00  
0 9.6465348489e+00  6.1093725020e+00  4.3972224525e+00  -7.9837512825e-01  6.1643816851e-01  -8.6853599709e-01  
0 1.2230446609e+01  5.2239413283e+00  3.5232460805e+00  1.4452414334e+00  1.4208177455e+00  -1.0184648706e+00  
0 1.3125213402e+01  6.1181950460e+00  4.3914525377e+00  1.8522034520e-01  3.0777023663e-01  -1.0381378919e+00  
0 1.0511934298e+01  6.9748153560e+00  3.5266060157e+00  -2.9164240564e-02  7.6769501330e-01  -7.6408214095e-01  
0 1.2242152533e+01  8.7534265353e+00  3.5022459170e+00  4.7573070407e-01  -7.0136773680e-03  -3.5472478064e-01  
0 1.1390666521e+01  7.8730171298e+00  4.3764141609e+00  -5.7696917852e-01  -1.0209468936e-01  2.1976511129e-01  
0 8.8796513901e-01  9.6401342654e+00  2.6000654628e+00  -5.7065138735e-01  -2.9115225241e-01  1.5366729738e+00  
0 2.6189827180e+00  9.6420935289e+00  8.5635351208e-01  9.1955530842e-01  -4.3449932011e-01  9.0946960735e-01  
0 4.3523531981e+00  9.6113559580e+00  2.6181690068e+00  9.2412657788e-01  9.1097064674e-01  5.3758795232e-01  
0 -1.6938580480e-02  1.0472359749e+01  -2.2166507602e-02  1.2960068383e+00  1.4123364622e+00  1.4249343378e+00  
0 1.0202306862e-02  1.2267759002e+01  1.7436487596e+00  2.4846599783e-01  -4.3098444100e-01  1.7840492179e-01  
0 1.7757303151e+00  1.0513912335e+01  1.7636640207e+00  -9.3218574633e-01  -2.5294798443e-01  -6.9983733783e-01  
0 1.7651777253e+00  1.2270832810e+01  1.4431520126e-03  -4.5418364268e-01  -1.2071783102e-01  -1.0473456242e-01  
0 8.9316521146e-01  1.1393897392e+01  8.6923784863e-01  -6.1096080851e-01  -2.9028323466e-01  1.3704918301e-01  
0 8.9029106375e-01  1.3150841530e+01  2.6074476009e+00  3.4185904708e-02  -1.4498966872e+00  7.7956471100e-01  
0 2.6457127340e+00  1.1370888825e+01  2.6487139126e+00  -1.3684359576e-01  3.6240886075e-01  -9.6173405872e-01  
0 2.6521086709e+00  1.3153052980e+01  9.0167087804e-01  -8.9864106898e-01  -7.4517989369e-01  -1.1054989565e+00  
0 3.4931150635e+00  1.0530540431e+01  6.0503931039e-03  1.7394223668e-01  -6.0747254104e-01  -5.6132986984e-01  
0 3.5258181389e+00  1.2247872491e+01  1.7652048767e+00  -4.0688821021e-01  7.7795834635e-01  -4.9474706433e-01  
0 4.3616410403e+00  1.1403777670e+01  8.6319981781e-01  5.7179084267e-01  -1.0964587281e+00  5.0799752181e-01  
0 4.4029701532e+00  1.3142807934e+01  2.6159525540e+00  -7.2113613525e-01  -7.8265392022e-01  4.6786636186e-01  
0 2.6288675637e+00  9.6321486557e+00  4.3895557928e+00  -4.6323757219e-01  -6.0702544500e-01  -5.8090845918e-01  
0 -3.5574219669e-03  1.0527022204e+01  3.5205698750e+00  1.6624885511e-01  -1.1319184111e+00  -1.0833113020e+00  
0 1.7629607486e+00  1.2267370948e+01  3.4905928351e+00  -2.3704664683e-01  -8.1622113199e-01  4.9574400445e-01  
0 8.7946532429e-01  1.1354722042e+01  4.3837369182e+00  -3.1427769669e-01  1.8744498910e+00  -2.0350773782e-01  
0 2.6386524471e+00  1.3133092094e+01  4.3488150184e+00  -6.5736814723e-01  -3.2947127298e-01  1.0074944938e+00  
0 3.5197300139e+00  1.0490486028e+01  3.5108168842e+00  -1.0887786874e+00  2.6198702823e-01  1.3515565093e-01  
0 4.3697697599e+00  1.1376611009e+01  4.3964438606e+00  1.0675913735e-01  -1.7182668416e-01  -1.4376909183e+00  
0 6.1277454088e+00  9.6177525411e+00  8.8937782615e-01  -2.6388209172e-01  2.4796632977e-01  -5.9574061502e-01  
0 7.8526176326e+00  9.6313266683e+00  2.6289694366e+00  1.9112698825e+00  -3.3191473892e-01  -2.2169362341e-01  
0 5.2336048247e+00  1.0507103057e+01  1.7685785617e+00  3.9031410027e-01  -4.4121048640e-01  -1.0034251394e+00  
0 5.2456516776e+00  1.2254165154e+01  -7.1429663167e-03  -3.5547490404e-02  -2.2674959002e-01  7.2460351413e-02  
0 6.1172075258e+00  1.1363192523e+01  2.6365409393e+00  1.1022236175e-01  3.6709321066e-01  -7.8184193648e-02  
0 6.1282679488e+00  1.3102242792e+01  8.8018231808e-01  -3.7461039664e-01  1.2324034768e+00  -5.9892890504e-01  
0 7.0118926048e+00  1.0490423584e+01  -1.1246589596e-02  -8.8786518745e-01  2.7377166669e-01  1.0992105918e+00  
0 6.9870283514e+00  1.2245559403e+01  1.7506565741e+00  2.1912102485e-01  -2.8861043250e-02  3.1833294469e-01  
0 8.7611240047e+00  1.0494402838e+01  1.7357852035e+00  -1.0175740293e+00  4.3449727253e-01  8.4290475133e-01  
0 8.7229221046e+00  1.2270823399e+01  2.8398689749e-02  1.1358130503e+00  -4.5653065119e-01  -1.0102513635e+00  
0 7.8709271277e+00  1.1394710094e+01  8.9186014139e-01  -8.7202646244e-02  -8.2902037030e-01  -6.7390343389e-01  
0 7.8581677664e+00  1.3144560346e+01  2.6135059713e+00  6.8036250522e-01  -9.2472699875e-01  3.2915164933e-01  
0 6.1293822347e+00  9.6295472404e+00  4.3794900462e+00  -7.3310097249e-01  4.4084153043e-01  -4.1453834756e-01  
0 5.2494538741e+00  1.2254584088e+01  3.5031267421e+00  2.7206338464e-01  -1.2256956170e-01  -4.0543356892e-02  
0 6.1170736132e+00  1.3105377986e+01  4.3685720902e+00  6.4845921838e-01  1.1114791339e+00  1.7671806720e-02  
0 7.0208401988e+00  1.0478855150e+01  3.5133329534e+00  -1.3224164456e+00  1.1048392265e+00  -2.8201194637e-01  
0 8.7237768052e+00  1.2227507596e+01  3.5115959448e+00  9.3365615890e-01  1.6246077943e+00  -6.3372255170e-01  
0 7.8621248482e+00  1.1388279346e+01  4.4011300103e+00  5.4155067033e-01  -1.5149695031e+00  -1.1460682683e+00  
0 9.5994992380e+00  9.6312472119e+00  8.6769157436e-01  1.0198857908e+00  -7.9327350173e-01  4.0312077844e-02  
0 1.1390639047e+01  9.6138716541e+00  2.6062885140e+00  -7.0387311063e-01  4.2393538875e-01  6.4184568989e-01  
0 1.3148139055e+01  9.6158766177e+00  8.8927959671e-01  -1.0662535531e+00  4.9833306337e-01  -6.4845785166e-01  
0 9.6391873439e+00  1.1377572067e+01  2.6190414914e+00  -5.5927015973e-01  -6.6119460385e-01  4.2608800947e-01  
0 9.6432464066e+00  1.3109391498e+01  8.9673943325e-01  -4.9856025545e-01  9.0060252616e-01  -1.2162310824e+00  
0 1.0475077645e+01  1.0487816509e+01  8.1205879003e-03  1.1423491600e+00  1.0554473509e+00  -7.2381579208e-01  
0 1.0522432109e+01  1.2238265027e+01  1.7562662903e+00  -1.3507902720e+00  3.2691552195e-01  -1.8084824142e-01  
0 1.2252634023e+01  1.0499769788e+01  1.7322935614e+00  1.1239210811e+00  -2.0310968615e-01  1.1493767983e+00  
0 1.2240267242e+01  1.2267797322e+01  1.3811569402e-02  9.1812318009e-01  -8.7322835728e-01  -5.0919249720e-01  
0 1.1395705641e+01  1.1368727685e+01  8.8786877659e-01  -1.0011368452e+00  2.8161769729e-01  -7.7694077080e-01  
0 1.1347360280e+01  1.3098970477e+01  2.6201183371e+00  2.1379295749e+00  1.4580330292e+00  6.9766053098e-03  
0 1.3147347111e+01  1.1392939642e+01  2.6443050063e+00  -6.5357618612e-01  -2.7439339835e-01  -1.2368239475e+00  
0 1.3141992350e+01  1.3139387384e+01  8.9241918948e-01  -6.1239230805e-01  -1.5174543877e+00  -1.1047329036e+00  
0 9.6454358554e+00  9.6088898099e+00  4.3874044257e+00  -3.4821127369e-01  9.9843332459e-01  -1.0586360843e+00  
0 1.3117534628e+01  9.6354569138e+00  4.3889513457e+00  1.4824199758e-01  9.0059496082e-02  -9.6203197591e-01  
0 9.6313351385e+00  1.3129794112e+01  4.4013579900e+00  -6.9690496889e-01  -2.5581295588e-01  -1.4574487892e+00  
0 1.0526449124e+01  1.0522903040e+01  3.4952383281e+00  -9.5017988079e-01  -1.9427378526e+00  -4.7889248786e-01  
0 1.2254851897e+01  1.2263727329e+01  3.4826923065e+00  6.0565443847e-02  -8.6564743445e-01  1.1502979916e+00  
0 1.1380283496e+01  1.1352782826e+01  4.3502143460e+00  -4.9535016744e-02  1.7629356301e+00  1.0597151130e+00  
0 1.3143904609e+01  1.3100223790e+01  4.3963648387e+00  -1.1535279067e+00  1.6092675355e+00  -8.5355436544e-01  
0 -9.0642546186e-03  1.7642496596e+00  5.2408354024e+00  2.5752789588e-01  -1.0038605555e+00  1.7794663122e-01  
0 1.7381813075e+00  1.0537462665e-02  5.2438309666e+00  1.1875397512e-01  -9.0216806838e-01  -1.3399533398e-01  
0 8.8441567418e-01  2.6268541075e+00  6.1329850368e+00  -2.4713331919e-01  -5.1969709535e-01  -6.7113745329e-01  
0 2.6076352091e+00  8.4950068730e-01  6.1042905293e+00  9.5849352851e-01  1.3889853071e+00  9.2739023107e-01  
0 3.5152077221e+00  1.7694735317e+00  5.2310112733e+00  -3.5928426038e-01  -1.1814300658e+00  6.4506535247e-01  
0 4.3942356626e+00  2.6295483877e+00  6.1272425498e+00  -7.8130207775e-01  -3.6461775137e-01  2.4227841522e-02  
0 1.7711317647e+00  3.4859736986e+00  5.2285359046e+00  -9.6072467336e-01  8.5790192618e-01  1.3734271157e+00  
0 2.6285350062e+00  4.3525999778e+00  6.1237994735e+00  -6.9566943211e-02  1.7678935298e+00  1.4420441816e-02  
0 1.4112755144e-02  6.0462309766e-03  7.0250148556e+00  -7.1309992648e-01  -2.4889613796e-01  -1.1185815550e+00  
0 1.4371075105e-02  1.7344101056e+00  8.7472698676e+00  -3.9236274289e-01  5.8561373087e-01  6.4841027127e-01  
0 1.7744003513e+00  2.3474261159e-03  8.7598462325e+00  -1.9271776254e+00  -5.7024554428e-01  -1.0574031909e+00  
0 1.7419943517e+00  1.7341011437e+00  7.0091931981e+00  4.4313360276e-01  2.1521643832e-01  -9.0280011775e-01  
0 8.8989198446e-01  8.8582778784e-01  7.9021851932e+00  -4.4364450310e-01  -8.8235249169e-01  -1.0947536457e+00  
0 2.6002938650e+00  2.6093680478e+00  7.8473167984e+00  1.3303318573e+00  6.5533667383e-01  1.4272135689e+00  
0 3.5200495440e+00  -1.3987854597e-02  7.0057216898e+00  -5.9116512795e-01  7.5834233103e-01  -5.3115508635e-01  
0 3.4898345401e+00  1.7268373645e+00  8.7717486561e+00  6.1882112834e-01  1.7286418339e+00  -1.1776241745e+00  
0 4.3916027422e+00  9.0175448788e-01  7.8812537459e+00  -3.9206414504e-01  -1.1236116925e+00  2.3198326256e-02  
0 2.1478666773e-02  3.4915664849e+00  7.0011729837e+00  -6.0951544957e-01  3.5965950181e-01  -3.2588396759e-01  
0 1.7304585051e+00  3.4916022499e+00  8.7326143282e+00  7.2444256670e-01  4.0844020031e-01  6.7057107093e-01  
0 8.7355339333e-01  4.4005326874e+00  7.8664312451e+00  6.2607397851e-02  -1.1811461430e+00  1.2703924763e-01  
0 3.4964761465e+00  3.5228373072e+00  6.9988754469e+00  5.1232437049e-01  -1.7779756469e+00  2.1531018255e-01  
0 4.3810307500e+00  4.3848430172e+00  7.8913095880e+00  -3.5058888770e-01  -5.3758043536e-01  -6.5980162163e-01  
0 5.2649212926e+00  2.3935921189e-02  5.2322361982e+00  3.2528842583e-02  -1.7536749879e+00  1.2634829550e+00  
0 6.1452243444e+00  8.5653795548e-01  6.1426956236e+00  -9.1938091321e-01  9.9066225717e-01  -5.7313558936e-01  
0 6.9732268288e+00  1.7531603346e+00  5.2490668238e+00  1.7167454875e+00  -2.2034190870e-01  2.1769204251e-01  
0 8.7439144785e+00  -1.0010212300e-02  5.2644604476e+00  -1.5654417928e-01  4.4595433883e-01  -1.0090074598e+00  
0 7.8567255284e+00  2.6519985910e+00  6.1197859891e+00  4.9199298941e-01  -1.1387454145e+00  -4.5481141184e-02  
0 5.2279566958e+00  3.4789226394e+00  5.2332951067e+00  1.0618841778e+00  9.5652276847e-01  3.3632061086e-01  
0 6.1025569463e+00  4.3528024074e+00  6.1256304750e+00  8.7410643614e-01  1.0700405806e+00  -1.8149152389e-01  
0 8.7429057402e+00  3.4908277258e+00  5.2308962447e+00  -1.5074138702e-02  5.7280347676e-01  6.2008067052e-01  
0 5.2623678771e+00  2.2856039268e-03  8.7587663795e+00  -9.9770190832e-01  2.7903048527e-01  2.1653029638e-01  
0 5.2718778898e+00  1.7590801735e+00  7.0119150002e+00  -6.5322249722e-01  9.0801455739e-02  -2.0591655762e-01  
0 6.1519338060e+00  2.6392742280e+00  7.8594130518e+00  -1.2596546529e+00  -3.0483196912e-01  1.5277802715e+00  
0 7.0069988659e+00  -1.5829996488e-02  7.0242700456e+00  -4.5106257127e-01  8.7879891096e-01  -7.2829099856e-01  
0 6.9850518523e+00  1.7257241706e+00  8.7743313313e+00  6.7489078908e-01  1.4133978807e+00  -9.9182234236e-01  
0 8.7280799581e+00  7.2637603483e-04  8.7631644052e+00  1.1647787231e+00  -1.6289750757e-01  4.4764131591e-02  
0 8.7247189060e+00  1.7585207651e+00  6.9971507246e+00  5.8310949916e-01  -4.2915197430e-02  2.4874080555e-01  
0 7.8775832298e+00  8.9217227533e-01  7.8997303425e+00  -5.8060676961e-01  -1.1093453966e+00  -3.2007630767e-01  
0 5.2706681288e+00  3.5274967349e+00  8.7753274164e+00  -1.0148193641e+00  -1.4574245476e+00  -1.5644734708e+00  
0 6.9994999482e+00  3.5156314969e+00  7.0187993107e+00  2.4856619102e-01  -6.6445965356e-01  -1.2142756582e+00  
0 8.7272405411e+00  3.5156268000e+00  8.7679248808e+00  8.8427271266e-01  -8.8674903379e-01  -6.2579217288e-01  
0 7.8942835577e+00  4.3655970867e+00  7.8568777291e+00  -1.0735357300e+00  1.0373565947e+00  1.0026746541e+00  
0 9.6129592060e+00  8.5398446024e-01  6.1174289433e+00  -3.0350807753e-01  7.9859613262e-01  3.5510595181e-01  
0 1.0482238430e+01  1.7677451490e+00  5.2347414556e+00  4.2412077728e-01  -1.2603716432e+00  6.6635925728e-01  
0 1.2231092918e+01  2.4154578341e-02  5.2665578173e+00  1.5812186860e+00  -1.7611443949e+00  -4.2893175113e-01  
0 1.1362425422e+01  2.6022965559e+00  6.1505391832e+00  3.0344479765e-01  1.0027988608e+00  -1.6250225875e+00  
0 1.3107119770e+01  8.6742337578e-01  6.1176619548e+00  1.1632285674e+00  9.2489743727e-01  6.1666961964e-01  
0 9.6046702794e+00  4.3913422890e+00  6.1423776323e+00  1.6593314389e+00  -1.5843577830e+00  -6.3878135469e-01  
0 1.2267465084e+01  3.4755683875e+00  5.2433688512e+00  -1.2365574107e+00  4.4867901919e-01  3.0721929073e-01  
0 1.3105713366e+01  4.3508677931e+00  6.1218430036e+00  1.9226863494e+00  4.3292786333e-01  -1.8752607117e-01  
0 9.6191175977e+00  2.6244494471e+00  7.8846959024e+00  -2.3117571181e-01  -1.2296873507e-01  -2.7341008564e-01  
0 1.0474591091e+01  -1.1725317353e-02  6.9945426240e+00  7.6489935254e-01  2.6102467552e-01  3.3299680337e-01  
0 1.0477568451e+01  1.7231211742e+00  8.7223091275e+00  7.1523303667e-01  8.5075627349e-01  1.1811880946e+00  
0 1.2258994688e+01  4.8019959313e-03  8.7581650192e+00  -9.2409992599e-02  -2.7462559656e-01  -5.5707013968e-01  
0 1.2254152069e+01  1.7455343991e+00  6.9787049866e+00  -1.6106917210e-01  -4.7938643704e-01  1.0938193448e+00  
0 1.1380416429e+01  8.7443161347e-01  7.8605910851e+00  -3.6857927839e-01  -2.6919565657e-01  3.9386796216e-01  
0 1.3146178702e+01  2.6009298419e+00  7.8718336087e+00  -4.7952529061e-01  5.4367043027e-01  -1.7828116741e-02  
0 1.0522074562e+01  3.4903172002e+00  7.0187954282e+00  -1.5242897428e+00  5.4653180517e-02  -9.4505849349e-01  
0 1.2230105213e+01  3.4806736415e+00  8.7349169225e+00  1.7851824492e+00  4.4197787829e-01  7.1098988319e-01  
0 1.1396436227e+01  4.3464192322e+00  7.8604191989e+00  -9.5155060378e-01  1.2103050966e+00  6.3414592113e-01  
0 -8.3625121472e-03  5.2431300221e+00  5.2277314050e+00  4.6703780613e-01  -6.0126791234e-02  2.1161285661e+00  
0 8.7968461821e-01  6.1482317479e+00  6.1401800298e+00  -9.7535338339e-01  -1.2955818288e+00  -8.9855832794e-01  
0 3.5114992081e+00  5.2681479064e+00  5.2362704354e+00  -5.3071553849e-01  -4.1836492642e-01  9.6697348104e-01  
0 4.3987307219e+00  6.1253302122e+00  6.1426559500e+00  -7.3312289653e-01  1.6345442146e-01  -1.2209596145e+00  
0 -2.6154894651e-02  8.7519500902e+00  5.2390404685e+00  1.7175205817e+00  4.7072169276e-01  3.6103009716e-01  
0 1.7335179408e+00  6.9818463758e+00  5.2438736688e+00  6.4645251266e-01  1.2686817231e+00  5.2286515361e-01  
0 2.5974765663e+00  7.8559968582e+00  6.1170479153e+00  9.4457841728e-01  5.8724711988e-01  6.5429432672e-01  
0 3.4717019276e+00  8.7236704181e+00  5.2692299399e+00  9.5452209946e-01  1.0609366599e+00  -7.6018723945e-01  
0 2.4137737589e-02  5.2245818556e+00  8.7430434627e+00  -1.5231195523e+00  1.8766246292e+00  2.4877511433e-01  
0 1.7399982846e+00  5.2655016734e+00  7.0160511899e+00  5.6563324729e-01  -2.1702172087e-01  -9.2085971267e-01  
0 2.6497096189e+00  6.1452227466e+00  7.8953028744e+00  -6.1521541052e-01  -8.7421225974e-01  -7.5805169841e-01  
0 3.4920039811e+00  5.2303512110e+00  8.7304497812e+00  5.0118305767e-01  1.0475896127e+00  1.2599774847e+00  
0 -1.6323485416e-02  7.0161395167e+00  6.9892465293e+00  5.2005083218e-01  -2.9894659130e-01  2.9525194360e-01  
0 -1.9816254265e-02  8.7685801878e+00  8.7333477213e+00  9.1284780934e-01  -2.2988876883e+00  7.7799182868e-01  
0 1.7607290719e+00  6.9895346939e+00  8.7599543384e+00  -4.1842114874e-01  8.0587843228e-01  -2.3769072383e-01  
0 1.7385362314e+00  8.7455572801e+00  7.0220179572e+00  6.3992775852e-01  -2.6639363135e-01  -1.6129111188e+00  
0 8.8712252321e-01  7.8594120136e+00  7.8493491650e+00  -1.1240692646e+00  7.6290475923e-01  1.5745515848e+00  
0 3.5157782874e+00  7.0007236419e+00  7.0062955141e+00  -3.6554635552e-01  7.2774160041e-03  -1.7274117501e-01  
0 3.5107519369e+00  8.7313329975e+00  8.7773718953e+00  -8.8174803435e-01  8.7483456820e-01  -2.0618022708e+00  
0 4.3973961741e+00  7.8920858842e+00  7.8614279825e+00  -1.1862491421e+00  -6.1416383300e-01  3.8565306865e-01  
0 7.0223465577e+00  5.2396047463e+00  5.2763216740e+00  -1.4424918609e+00  -3.6442177236e-02  -1.4188041932e+00  
0 7.8613946655e+00  6.1082317438e+00  6.1287313765e+00  1.0245006400e+00  9.9973791869e-01  3.9875204478e-01  
0 5.2666041804e+00  7.0153142273e+00  5.2483046434e+00  -5.5805988240e-01  -6.6216864190e-02  4.2131733953e-02  
0 6.1192535913e+00  7.9041638613e+00  6.1322431519e+00  2.5509558768e-01  -4.2385895921e-01  -6.1305975127e-01  
0 6.9739732579e+00  8.7786725627e+00  5.2561610048e+00  1.4715695483e+00  -9.7640257805e-01  -9.4145072224e-03  
0 8.7752470650e+00  6.9791189331e+00  5.2403244702e+00  -9.1580007707e-01  1.3132145158e+00  1.1819741664e+00  
0 5.2539312427e+00  5.2440069444e+00  6.9754988637e+00  -2.9572026660e-01  -1.2071532794e-01  1.0852461252e+00  
0 6.1091635619e+00  6.1013754825e+00  7.8823722503e+00  4.0270497376e-01  1.2240620258e+00  -8.6604986969e-01  
0 6.9992326488e+00  5.2749188190e+00  8.7307968389e+00  2.4903894017e-01  -1.3549426835e+00  1.0878307452e+00  
0 8.7653134406e+00  5.2438875819e+00  7.0085498725e+00  -1.0621754216e+00  2.4589964475e-01  1.2522413291e-01  
0 5.2256760364e+00  6.9828333718e+00  8.7406836425e+00  1.4369981338e+00  6.2825702147e-01  -2.8051838519e-01  
0 5.2581189093e+00  8.7762715864e+00  6.9787572533e+00  -4.1818565373e-01  -7.0013191007e-01  1.5144667957e+00  
0 6.9843571789e+00  7.0060107520e+00  6.9859913346e+00  6.5997874224e-01  1.9337181992e-01  8.5957983178e-01  
0 6.9941549029e+00  8.7580550888e+00  8.7666444064e+00  -9.6438188644e-02  -5.2713972320e-01  -1.2819913046e+00  
0 8.7412030505e+00  7.0252587487e+00  8.7222362914e+00  7.7501760337e-01  -1.8700037432e+00  2.2791553767e+00  
0 8.7489563017e+00  8.7615734206e+00  7.0134648331e+00  2.9885158182e-02  -4.5639691266e-02  -1.5499650353e-01  
0 7.8888646485e+00  7.8781963395e+00  7.9009055003e+00  -1.2781548208e+00  5.3023728501e-01  -1.8371616757e+00  
0 1.0480171252e+01  5.2308898341e+00  5.2631991529e+00  1.2838057705e+00  6.1385909543e-01  -1.5898513988e-01  
0 1.1401566422e+01  6.1167669860e+00  6.1352514189e+00  -8.6061272115e-01  -5.2488888119e-02  -3.5632101061e-02  
0 9.6504941382e+00  7.8943929888e+00  6.1389118966e+00  -1.1002341610e+00  -9.0835137696e-01  -2.6144152603e-01  
0 1.0508552343e+01  8.7613973374e+00  5.2692340940e+00  3.4666190492e-01  -6.0253121952e-01  -7.3279886726e-01  
0 1.2270705535e+01  7.0084481056e+00  5.2670309563e+00  -7.7745578366e-01  -3.6912691352e-01  -8.2895732216e-01  
0 1.3118885430e+01  7.8971425590e+00  6.1023902998e+00  2.1306964159e-01  -9.0069637774e-01  1.1105173553e+00  
0 9.6084750274e+00  6.1138776601e+00  7.8986986135e+00  5.6579557918e-01  3.7158898175e-01  -1.3812224338e+00  
0 1.0486048839e+01  5.2459400131e+00  8.7558410827e+00  8.9120196287e-01  -1.2862380573e-01  -3.4956210926e-01  
0 1.2276830731e+01  5.2245145532e+00  6.9746665207e+00  -1.3933342044e+00  4.6520204799e-01  1.4135402932e+00  
0 1.3103871144e+01  6.1375373218e+00  7.8828799528e+00  1.2741220919e+00  -6.2907512745e-01  -1.0395821383e+00  
0 1.0503526780e+01  6.9855276199e+00  7.0206885307e+00  8.2597006322e-02  3.3655859342e-01  -8.2498844243e-01  
0 1.0476733690e+01  8.7531348005e+00  8.7637942908e+00  1.1018648755e+00  -2.8065287374e-01  -5.0170945100e-01  
0 1.2236685599e+01  7.0097125653e+00  8.7329348430e+00  3.7966024466e-01  -4.0252457499e-01  5.5445450355e-01  
0 1.2242726558e+01  8.7624105456e+00  6.9952762952e+00  3.3018174013e-01  -2.9610388933e-01  -2.7437988119e-01  
0 1.1356213276e+01  7.8826131850e+00  7.8514881928e+00  6.3750606491e-01  -4.2518612358e-02  1.2444155980e+00  
0 8.9672135385e-01  9.6509768950e+00  6.1351479467e+00  -1.4150998139e+00  -1.6633490652e+00  -5.2025010546e-01  
0 4.3692073462e+00  9.6198110384e+00  6.1503780218e+00  -2.5716492571e-01  4.8802053228e-01  -1.8265638413e+00  
0 -4.7438042823e-03  1.2263208141e+01  5.2790241802e+00  1.7223875876e-01  -1.1627870779e+00  -6.7876107959e-01  
0 1.7283289726e+00  1.0489341831e+01  5.2243267929e+00  1.4728060911e+00  6.8702749459e-01  1.5975242981e+00  
0 8.5856124954e-01  1.3113897127e+01  6.1451368050e+00  8.2204352872e-01  9.9887615634e-01  -1.0164049803e+00  
0 2.6146582889e+00  1.1389675766e+01  6.1300439480e+00  1.5341045834e-01  -3.1174208001e-01  -9.0470613369e-01  
0 3.4895952984e+00  1.2243408892e+01  5.2423247770e+00  7.1944382496e-01  5.5126200816e-01  2.7992219290e-01  
0 4.3957047839e+00  1.3122498142e+01  6.1323331405e+00  -6.6342299844e-01  4.1641683523e-01  -1.1918341409e-02  
0 2.6002418716e+00  9.6117057810e+00  7.8755834862e+00  9.5882848953e-01  2.6624925146e-01  1.6027816409e-01  
0 1.8991184167e-02  1.0489518350e+01  7.0234355979e+00  -1.3220225734e+00  8.1253265687e-01  -1.5143084329e+00  
0 1.3318297136e-02  1.2239956586e+01  8.7327664256e+00  -7.5193090221e-01  7.9761187823e-01  4.5425269631e-01  
0 1.7213775902e+00  1.0500192729e+01  8.7304815216e+00  1.1158202421e+00  -4.0539171351e-01  8.6852000051e-01  
0 1.7527373213e+00  1.2274889643e+01  6.9735807800e+00  -8.5848326441e-01  -1.5203182956e+00  1.6653175445e+00  
0 8.6567222709e-01  1.1366800954e+01  7.8879967748e+00  6.8208521382e-01  6.4686622245e-01  -1.1631431169e+00  
0 2.5971637658e+00  1.3119669393e+01  7.8714810620e+00  1.5431951581e+00  2.6875352762e-01  -3.0155784494e-04  
0 3.4922182837e+00  1.0515985735e+01  6.9839748557e+00  1.4105710784e-01  -8.1979149928e-01  1.2589086809e+00  
0 3.4767731242e+00  1.2234731474e+01  8.7353576153e+00  2.7190875686e-01  5.1356608124e-01  8.0644551995e-01  
0 4.3903422565e+00  1.1370724445e+01  7.8977885023e+00  -1.2553122910e+00  8.2090890826e-01  -9.6715608326e-01  
0 7.8754304383e+00  9.6517154807e+00  6.1459386579e+00  7.5318662170e-02  -9.7095033242e-01  -1.0790537741e+00  
0 5.2429945087e+00  1.0513014535e+01  5.2231241615e+00  -2.2097472365e-01  -4.0144109885e-01  1.7849021918e+00  
0 6.1051414177e+00  1.1393979869e+01  6.1262611382e+00  7.8227013169e-01  -5.7523150066e-01  1.7134299654e-01  
0 6.9848423826e+00  1.2225243471e+01  5.2698158597e+00  2.6210169739e-01  1.5599153456e+00  -1.1389346699e+00  
0 8.7734491070e+00  1.0486941157e+01  5.2313397345e+00  -1.1443330375e+00  3.3781249298e-01  1.2016541019e+00  
0 7.8455171217e+00  1.3150158099e+01  6.0981787153e+00  8.3990677083e-01  -1.3285704986e+00  1.7201624654e+00  
0 6.1150857956e+00  9.6414052273e+00  7.8584614564e+00  5.1164696863e-01  6.3378810569e-03  7.1721004658e-01  
0 5.2389064372e+00  1.0520869847e+01  8.7760845958e+00  2.0499022381e-01  -1.0304611658e+00  -1.5478584938e+00  
0 5.2592112039e+00  1.2276120557e+01  7.0227678171e+00  -2.9354448377e-01  -1.2587687206e+00  -5.7289621477e-01  
0 6.1226105109e+00  1.3121807864e+01  7.8942527623e+00  3.6735191341e-01  7.1563709537e-01  -1.0255892255e-01  
0 6.9984374285e+00  1.0523711012e+01  6.9762524242e+00  -2.4096683836e-01  -1.2665051951e-01  1.4920864514e+00  
0 6.9843092253e+00  1.2276521547e+01  8.7653341520e+00  5.1173631515e-01  -1.3642756647e+00  -4.8350420763e-01  
0 8.7249948259e+00  1.0517040376e+01  8.7350829406e+00  1.0717058262e+00  -5.5372640853e-01  1.1809127035e+00  
0 8.7277594642e+00  1.2257102991e+01  6.9928392137e+00  5.1013039245e-01  -3.5456858732e-01  1.2600410154e-01  
0 7.8763709908e+00  1.1393123826e+01  7.8919255692e+00  -8.7567385093e-01  -5.3424023300e-02  -9.5073029009e-01  
0 1.1395450682e+01  9.6200308344e+00  6.1115685348e+00  -9.6520462986e-01  8.6029324395e-01  9.2706180611e-01  
0 9.5977867765e+00  1.1355233935e+01  6.1138834817e+00  1.6652731516e+00  8.7654146907e-01  6.1696167592e-01  
0 1.0487432362e+01  1.2236778566e+01  5.2258397708e+00  1.0300678580e+00  2.3961568105e-01  1.4336548634e+00  
0 1.2224968230e+01  1.0524185756e+01  5.2596717544e+00  1.1264740629e+00  -8.6146284107e-01  -4.3500312946e-01  
0 1.1397484693e+01  1.3119959823e+01  6.1442833486e+00  -1.8964255771e+00  -9.0177686262e-02  -8.0984689509e-01  
0 1.3095895423e+01  1.1386597519e+01  6.1260895051e+00  9.6186620292e-01  -5.5506237521e-01  8.5265234298e-01  
0 9.6380105394e+00  9.6266448623e+00  7.9037239081e+00  -9.4115409761e-01  2.6546181703e-01  -1.0885706187e+00  
0 1.3135447480e+01  9.6032695937e+00  7.8627916281e+00  -7.6962674228e-01  1.2590899924e+00  4.0206249211e-01  
0 9.6211660462e+00  1.3126848766e+01  7.8907260210e+00  -4.8368325366e-01  -7.7639494637e-02  -9.8171048880e-01  
0 1.0526963757e+01  1.0498098324e+01  7.0171937242e+00  -1.4003316477e+00  -3.5066072329e-01  -4.5136772452e-01  
0 1.0473432679e+01  1.2245549105e+01  8.7434094853e+00  1.0099213804e+00  7.3138418014e-02  9.3343439655e-01  
0 1.2273660444e+01  1.0496039667e+01  8.7703185300e+00  -1.4018225310e+00  -3.1828550862e-01  -1.0987666139e+00  
0 1.2238048820e+01  1.2262524827e+01  7.0258754283e+00  4.4134570934e-01  -5.8288159590e-01  -6.8889454203e-01  
0 1.1357901627e+01  1.1354107064e+01  7.8969992876e+00  8.8371698623e-01  1.2490870397e+00  -5.2041141457e-01  
0 1.3135145050e+01  1.3119638213e+01  7.8552857106e+00  -3.3123858845e-01  1.9819617635e-01  1.6468427724e+00  
0 8.7603905315e-01  2.6494186842e+00  9.6234041619e+00  -4.9167158026e-01  -1.5554760910e+00  2.7054095452e-01  
0 2.5983909035e+00  8.5708069251e-01  9.5971593039e+00  1.6573385527e+00  8.2161777847e-01  2.2639170977e+00  
0 4.3921209303e+00  2.6487407307e+00  9.6520811550e+00  -6.6096856387e-01  -1.3554386315e+00  -1.1157313711e+00  
0 2.6135781184e+00  4.3752904912e+00  9.6180819846e+00  5.5871517721e-01  -2.7010383071e-01  1.3572538769e-01  
0 2.4820102037e-02  -1.8348519740e-02  1.0518358024e+01  -8.1186010885e-01  7.9992740780e-01  -8.9450121708e-01  
0 -2.7061512990e-02  1.7282190419e+00  1.2278336928e+01  1.2713853674e+00  7.5014789061e-01  -9.8376578347e-01  
0 1.7442981769e+00  1.2014688245e-02  1.2233298973e+01  1.1773475383e+00  -3.7606093549e-01  1.5406255549e+00  
0 1.7411340925e+00  1.7422990824e+00  1.0521819463e+01  1.7180929824e-01  2.1299310006e-01  -1.1987969221e+00  
0 8.9908537707e-01  8.6754384946e-01  1.1402706318e+01  -1.6394624944e+00  3.5788221274e-01  -1.2517196552e+00  
0 8.9996521112e-01  2.6393407173e+00  1.3132836159e+01  -1.1886526584e+00  -8.6276276456e-01  1.6581584054e-01  
0 2.6337511967e+00  8.8296256985e-01  1.3134912635e+01  -4.9815202476e-01  -1.8076255829e-01  -2.2533190113e-01  
0 2.6079731956e+00  2.6116385722e+00  1.1369055602e+01  7.4794161686e-01  8.0576503939e-01  2.9556678734e-01  
0 3.5011859498e+00  -9.3131725908e-03  1.0489665133e+01  -5.6352022566e-01  1.0259842790e+00  4.6828215171e-01  
0 3.4800711474e+00  1.7404923833e+00  1.2235627747e+01  9.9701297388e-01  6.2644521935e-01  5.4115213701e-01  
0 4.3681476542e+00  9.0136662798e-01  1.1365300583e+01  2.8380744393e-01  -1.5776952208e+00  2.7511716330e-01  
0 4.3827202184e+00  2.6176506580e+00  1.3124305993e+01  -3.0039710744e-01  5.8361608189e-01  -5.4982433397e-01  
0 -1.5910037386e-02  3.4748010048e+00  1.0493245760e+01  9.0450921837e-01  1.5677337503e+00  2.0056035039e-01  
0 1.7384121291e+00  3.5004673729e+00  1.2226150144e+01  2.7648286045e-01  2.9941538276e-01  1.4653837409e+00  
0 8.6188206647e-01  4.3814377718e+00  1.1398034445e+01  3.0651302693e-01  -1.2138239082e-01  -1.6295634355e+00  
0 2.6137317422e+00  4.3921906572e+00  1.3142166045e+01  5.5989380442e-01  -8.3517567472e-01  -1.3088016413e+00  
0 3.5210331842e+00  3.4868785708e+00  1.0514523720e+01  -1.2201543479e+00  7.6784165191e-01  -4.6371546480e-01  
0 4.3929905069e+00  4.3837562412e+00  1.1358174082e+01  -1.1763146905e+00  -3.3765554911e-01  1.2356466769e+00  
0 6.1044963977e+00  8.9394425583e-01  9.6383488714e+00  9.5282967189e-01  -1.2839121200e+00  -4.3689201168e-02  
0 7.8504357233e+00  2.6407316262e+00  9.6097068014e+00  1.1044009204e+00  -1.1916336961e+00  1.1879647940e+00  
0 6.1270867557e+00  4.3673751169e+00  9.6211829487e+00  4.8727519547e-01  1.5040901929e+00  5.4357055047e-02  
0 5.2477162840e+00  -2.1397291862e-02  1.2246260065e+01  3.7617990465e-02  1.3166383118e+00  2.9342202956e-01  
0 5.2639870580e+00  1.7330120203e+00  1.0516738589e+01  -1.1627718106e+00  1.1007912957e+00  -6.0846212068e-01  
0 6.1309561376e+00  8.4799168285e-01  1.3137563382e+01  -2.7646375402e-01  1.6630931084e+00  -1.2567336590e+00  
0 6.1004486014e+00  2.6395488764e+00  1.1346894060e+01  1.5596650796e+00  -6.3444638993e-01  1.4365169197e+00  
0 6.9780800324e+00  -6.9314872747e-03  1.0506971313e+01  1.2550234001e+00  2.4093232324e-01  3.4519709216e-01  
0 7.0208378977e+00  1.7656931113e+00  1.2229735628e+01  -1.6028768032e+00  -6.8602812499e-01  3.2518133158e-01  
0 8.7296802601e+00  2.1837234397e-02  1.2263538800e+01  9.3868837847e-01  -1.6156150065e+00  -6.3279305112e-01  
0 8.7688615876e+00  1.7222235204e+00  1.0501105658e+01  -5.5640811819e-01  1.3484645553e+00  -1.3347088237e-01  
0 7.8943958169e+00  8.7816993582e-01  1.1386473185e+01  -1.0586848758e+00  -7.8958023976e-02  -1.0126230199e+00  
0 7.8707449675e+00  2.6065299836e+00  1.3097169485e+01  5.7392591215e-01  1.4492882979e+00  1.0407706571e+00  
0 5.2648122877e+00  3.5249687233e+00  1.2252986459e+01  -3.9956722125e-01  -1.0694488193e+00  -4.1525091670e-01  
0 6.1437030714e+00  4.3888250365e+00  1.3128002349e+01  -4.7258847223e-01  -5.2686932116e-01  -4.2068564887e-01  
0 6.9729258541e+00  3.4921609216e+00  1.0470313749e+01  1.5623508732e+00  8.9625330068e-01  1.5209337274e+00  
0 8.7674097900e+00  3.5027155905e+00  1.2241725633e+01  -2.4372832861e-01  -5.9542545952e-01  1.8626024225e-01  
0 7.9019283158e+00  4.3658898871e+00  1.1400904435e+01  -1.3563306173e+00  6.2492997792e-01  -2.4056029830e+00  
0 9.6499314430e+00  8.6085208042e-01  9.6468755579e+00  -1.0323171125e+00  4.1462654338e-01  -1.2926975298e+00  
0 1.1360534820e+01  2.6225750620e+00  9.6070077035e+00  5.7778276780e-01  -3.5151230268e-01  6.2140101489e-01  
0 1.3135469915e+01  8.7388039785e-01  9.6289806442e+00  7.3782582036e-02  -1.8624510375e-01  2.0582249984e-01  
0 9.6000087125e+00  4.3719126360e+00  9.6382738778e+00  1.3032646670e+00  6.9510013114e-02  -5.7223734946e-01  
0 1.3148052384e+01  4.3935455043e+00  9.6262351583e+00  -9.8564896355e-01  -1.7603486159e+00  -5.3497332269e-01  
0 9.6075760666e+00  8.4672036050e-01  1.3139558351e+01  7.6008916028e-01  1.4530115161e+00  -7.3548870068e-01  
0 9.6476283047e+00  2.5967540242e+00  1.1380091475e+01  -4.8715748481e-01  1.0865246334e+00  -1.9669514578e-01  
0 1.0527405519e+01  1.9882630889e-02  1.0491842029e+01  -9.3358483273e-01  -1.0228034656e+00  7.2635327733e-01  
0 1.0513662808e+01  1.7427812826e+00  1.2255010059e+01  -5.3700888035e-01  -8.6955436006e-02  1.4294750280e-01  
0 1.2250457758e+01  -9.9491897421e-03  1.2255372710e+01  2.0623659221e-01  -3.7538739719e-02  -5.3632573586e-01  
0 1.2256405246e+01  1.7275020718e+00  1.0523904023e+01  -2.6298337798e-01  9.9355671163e-01  -1.1523871800e+00  
0 1.1371351865e+01  8.7070959601e-01  1.1389965720e+01  8.9667348517e-01  7.2782076904e-03  -1.8445897566e-01  
0 1.1376959921e+01  2.6480106235e+00  1.3125157948e+01  -2.3612064233e-01  -1.0009593842e+00  2.7700853677e-01  
0 1.3119023830e+01  8.4777075427e-01  1.3130894263e+01  -3.9059111689e-01  8.5447260333e-01  4.5446333871e-02  
0 1.3115199620e+01  2.6491422634e+00  1.1358040341e+01  -4.7616174095e-02  -1.8040481515e+00  1.2684054360e+00  
0 9.6276051483e+00  4.3675804766e+00  1.3107569434e+01  -3.0691292301e-01  6.9226257509e-01  7.9298317772e-01  
0 1.0516130685e+01  3.5120078762e+00  1.0509860093e+01  -8.9905656026e-01  -8.4909612238e-01  -8.4381637758e-01  
0 1.2246257274e+01  3.4997336945e+00  1.2266174389e+01  1.6961332725e-01  4.7930521822e-01  -8.6815962114e-01  
0 1.1386307182e+01  4.3772445194e+00  1.1355261752e+01  -1.8485578413e-01  2.7191057500e-01  1.0334784226e+00  
0 1.3121936499e+01  4.3826777995e+00  1.3108986956e+01  -6.8536657406e-01  -2.7811957844e-01  6.8217510980e-01  
0 8.6181043519e-01  6.1242066579e+00  9.6083443936e+00  9.1574570011e-01  2.4919016939e-01  7.9804200615e-01  
0 4.3720267951e+00  6.1491567906e+00  9.6147722314e+00  -1.8629837356e-01  -1.8757673706e+00  1.1074519630e-01  
0 2.6209171108e+00  7.8972135797e+00  9.6506667334e+00  9.1357939026e-01  -2.0690451060e+00  -1.3163189937e+00  
0 -1.8681858569e-02  5.2614387392e+00  1.2227862746e+01  1.0991839575e+00  -3.1340009140e-02  1.8019508476e+00  
0 1.7495992452e+00  5.2670753226e+00  1.0504102092e+01  -1.5230304815e-02  -9.3404860854e-01  9.2549403980e-02  
0 8.9158961533e-01  6.1457888604e+00  1.3151478598e+01  -1.1358616435e+00  -3.9589436083e-01  -1.2256116772e+00  
0 2.6505634584e+00  6.1203264182e+00  1.1391930227e+01  -1.1058520283e+00  4.7665297899e-01  -8.9102122963e-01  
0 3.4909237264e+00  5.2658910281e+00  1.2261462302e+01  7.5743432138e-01  -7.4587015339e-01  -7.2313369256e-01  
0 4.4013579652e+00  6.1139622649e+00  1.3112777689e+01  -8.7208108449e-01  1.0532564572e-01  9.0316912695e-01  
0 -6.1166418951e-03  6.9959543801e+00  1.0511909857e+01  2.8998876237e-01  4.1723717858e-01  -1.1855550105e+00  
0 -3.5612515963e-03  8.7408589239e+00  1.2259690327e+01  2.0180277966e-01  6.4502781819e-01  -1.0191008841e+00  
0 1.7540306491e+00  7.0178086611e+00  1.2246092053e+01  2.7984216540e-01  -9.1971277071e-01  5.2942354066e-01  
0 1.7722865640e+00  8.7419845958e+00  1.0483612308e+01  -1.7948655914e+00  6.1568239096e-01  1.0164554573e+00  
0 8.8482049720e-01  7.8688467867e+00  1.1367543224e+01  -1.7685226131e-01  3.4233821137e-01  3.5665785256e-01  
0 2.6491259673e+00  7.8514187650e+00  1.3147274293e+01  -9.7766460332e-01  1.0565871422e+00  -8.1894253189e-01  
0 3.5184898299e+00  6.9724087554e+00  1.0504768754e+01  -8.9041035956e-01  1.2207798318e+00  2.0321923424e-01  
0 3.4738843599e+00  8.7248947172e+00  1.2271606510e+01  1.7939377918e+00  1.2316553008e+00  -9.6774719140e-01  
0 4.3785463807e+00  7.8784210033e+00  1.1373955291e+01  -1.7580450193e-01  -9.0495828542e-01  4.5198449232e-01  
0 7.8753044764e+00  6.1271286354e+00  9.6466953579e+00  2.7800909356e-02  3.1636574634e-01  -1.5406119226e+00  
0 6.1038941803e+00  7.8568713563e+00  9.6001339055e+00  7.3478758172e-01  7.2466317490e-01  9.6872954434e-01  
0 5.2516489368e+00  5.2310196146e+00  1.0486289282e+01  -6.8807291641e-02  1.4622019229e+00  3.1064990013e-01  
0 6.0981619898e+00  6.1335743149e+00  1.1396322378e+01  2.0290030427e+00  -5.3376437270e-01  -1.4304767168e+00  
0 6.9963243361e+00  5.2540577874e+00  1.2241571073e+01  7.0384876607e-01  6.8092876245e-02  9.0679119458e-01  
0 8.7753737126e+00  5.2646171432e+00  1.0471873606e+01  -1.6825664286e+00  -6.6462355008e-01  1.7702082572e+00  
0 7.9030277432e+00  6.1298899380e+00  1.3150727342e+01  -1.3782174671e+00  -3.4212164635e-01  -7.7529433294e-01  
0 5.2706537296e+00  6.9894962431e+00  1.2271182606e+01  -1.5320876239e+00  3.9246025051e-01  -1.2063690920e+00  
0 5.2293102416e+00  8.7238792404e+00  1.0471789788e+01  4.4954784956e-01  8.3072004620e-01  1.0941554666e+00  
0 6.1036618906e+00  7.8667833314e+00  1.3110429862e+01  1.5530782807e+00  2.9240289107e-01  1.3199507645e+00  
0 7.0155375627e+00  7.0104160984e+00  1.0492276440e+01  -8.7788612312e-01  -7.9051174799e-01  6.2641398490e-01  
0 7.0176029235e+00  8.7505619324e+00  1.2230856425e+01  -9.1545699746e-01  -3.4157882481e-01  1.0224305663e+00  
0 8.7502687263e+00  6.9735098262e+00  1.2262655215e+01  4.6566418440e-01  8.5021033232e-01  -6.5558071424e-01  
0 8.7298820323e+00  8.7735580911e+00  1.0517328676e+01  1.3919624242e+00  -1.2749414385e+00  -5.2628502496e-01  
0 7.8929244734e+00  7.8642292846e+00  1.1387574970e+01  -1.0267942184e+00  4.4395768601e-01  -4.5755568725e-01  
0 1.1396064141e+01  6.1340948795e+00  9.5986697577e+00  -9.3468044626e-01  -6.4390100420e-01  1.3986098366e+00  
0 9.6414022940e+00  7.8477696447e+00  9.6336313225e+00  -1.1384641055e+00  1.6385900164e+00  -7.9449560474e-02  
0 1.3104836156e+01  7.8664111609e+00  9.6276546905e+00  8.0500357001e-01  7.1043103198e-01  -3.3239809802e-01  
0 9.6104973597e+00  6.1114262982e+00  1.1369835934e+01  1.1728134665e+00  6.4875772004e-01  2.4189965265e-01  
0 1.0490490546e+01  5.2678924890e+00  1.2252507927e+01  3.9040166180e-01  -7.1677575188e-01  -3.5694906224e-01  
0 1.2274510441e+01  5.2325784058e+00  1.0509620297e+01  -4.5312301790e-01  1.4040943396e+00  -1.0409636515e+00  
0 1.1367403106e+01  6.1463877559e+00  1.3132265662e+01  5.2796918157e-01  -1.1589326760e+00  -2.8836606051e-01  
0 1.3144491145e+01  6.1499825293e+00  1.1371040596e+01  -1.2523558820e+00  -1.0237750371e+00  5.1105285078e-01  
0 9.6445634022e+00  7.8702948075e+00  1.3110593409e+01  -8.3002966109e-01  1.7392206281e-01  4.1573895416e-01  
0 1.0511256928e+01  7.0081275649e+00  1.0517240333e+01  -3.0469334279e-01  -5.9845358986e-01  -6.8184610756e-01  
0 1.0475504316e+01  8.7766335535e+00  1.2222959371e+01  1.5319811967e+00  -1.8139088164e+00  1.8182628583e+00  
0 1.2241850022e+01  6.9926567140e+00  1.2247547638e+01  1.1821041760e-01  9.3758598545e-01  4.0090087079e-01  
0 1.2266214790e+01  8.7490057689e+00  1.0523871752e+01  -1.0165807553e+00  -8.0691002701e-02  -1.2312806437e+00  
0 1.1371901981e+01  7.8797821582e+00  1.1390863518e+01  -3.2650401610e-02  -2.7386415073e-02  -7.6172471631e-01  
0 1.3096777246e+01  7.9027862689e+00  1.3109117000e+01  9.3728423451e-01  -1.2104984403e+00  8.2832828841e-01  
0 8.5860336519e-01  9.6062510705e+00  9.6086036574e+00  5.7936279254e-01  7.8017002743e-01  3.5946829405e-01  
0 4.3537446876e+00  9.5959265541e+00  9.6056079064e+00  1.2101970049e+00  1.5456258913e+00  1.3961924345e+00  
0 8.7896390673e-01  1.3132130077e+01  9.6053896018e+00  -1.7952589106e-02  -5.9021071967e-01  8.8790688370e-01  
0 2.6017285146e+00  1.1350485709e+01  9.6178388274e+00  1.8941194370e-01  8.7335082524e-01  -2.8972089194e-01  
0 4.3493542341e+00  1.3143709280e+01  9.6429823002e+00  1.1075098337e+00  -1.2311665507e+00  -1.4420524983e+00  
0 8.5882761460e-01  9.6168887378e+00  1.3122624638e+01  8.4450242133e-01  1.0782576895e-01  -6.7107805595e-01  
0 2.6254052101e+00  9.6318050675e+00  1.1380999415e+01  -5.3709301070e-01  -5.3758516556e-01  2.2217389082e-02  
0 4.3792081610e+00  9.6498863249e+00  1.3116867055e+01  -9.0482452594e-01  -9.6720924203e-01  8.1565883688e-01  
0 1.7629246755e-02  1.0518506198e+01  1.0480518223e+01  -6.3137618807e-01  -9.6308968751e-01  8.1464119332e-01  
0 2.2895996071e-03  1.2241467388e+01  1.2233138530e+01  4.6050071630e-02  2.2652683407e-01  1.0226281351e+00  
0 1.7438962371e+00  1.0499306253e+01  1.2226337287e+01  1.8401473956e-01  -9.3711916653e-02  1.5425489392e+00  
0 1.7255638232e+00  1.2249792613e+01  1.0489602776e+01  1.4777187803e+00  -1.2925566333e-01  3.7699705889e-01  
0 8.9875831406e-01  1.1361604037e+01  1.1394215759e+01  -1.5765044761e+00  9.7884548790e-01  -1.6898466695e+00  
0 8.9907886691e-01  1.3147605092e+01  1.3116963219e+01  -1.0656328675e+00  -7.1851339828e-01  5.7436234634e-01  
0 2.5975246022e+00  1.1392449718e+01  1.3133786915e+01  1.3119543167e+00  -1.9657271589e-01  -7.2594918635e-01  
0 2.6486180902e+00  1.3136895007e+01  1.1372995830e+01  -1.6186645963e+00  -2.2468307906e-01  -5.6793188899e-01  
0 3.4749971006e+00  1.0494648631e+01  1.0476804465e+01  1.2064870241e+00  2.5600169749e-02  1.2550624335e+00  
0 3.4781724005e+00  1.2262860702e+01  1.2230251928e+01  9.5842470611e-01  -1.4291975521e-01  1.1631556094e+00  
0 4.3965950850e+00  1.1398547089e+01  1.1399095516e+01  -1.6196117230e+00  -1.6695493682e+00  -1.6969555767e+00  
0 4.3774977180e+00  1.3145116147e+01  1.3114016866e+01  -4.6254959422e-01  -6.8798119314e-01  5.0048922930e-01  
0 7.8753562552e+00  9.6137830181e+00  9.6105733577e+00  -5.8355029979e-01  8.3885338553e-01  7.9151431236e-01  
0 6.1194352077e+00  1.1396743428e+01  9.6076241763e+00  -1.5499321168e-01  -1.0346778027e+00  1.0074611685e+00  
0 7.8749506258e+00  1.3108065817e+01  9.6248607736e+00  -3.6609796798e-01  1.3362960578e+00  4.9456785946e-01  
0 6.1126438334e+00  9.6037471259e+00  1.1375610019e+01  2.9585285829e-01  6.5397043993e-01  -9.4443442604e-01  
0 7.8685871909e+00  9.6259678014e+00  1.3146978324e+01  7.5579236783e-01  -1.6176627528e-01  -1.6859243834e+00  
0 5.2404640855e+00  1.0484515366e+01  1.2248482319e+01  4.5269637936e-01  5.3110741855e-01  -2.1986983898e-01  
0 5.2365523474e+00  1.2232076052e+01  1.0475439565e+01  7.5722699490e-01  1.4680372695e+00  1.5050898846e+00  
0 6.1256166438e+00  1.1357274426e+01  1.3105070021e+01  2.0605749658e-01  2.4297855937e-01  9.7222522907e-01  
0 6.1446289282e+00  1.3126243327e+01  1.1402145494e+01  -1.3704181584e+00  -6.4435473569e-01  -1.4473255298e+00  
0 7.0028554497e+00  1.0506914272e+01  1.0478321405e+01  -3.6552747498e-01  5.4716064476e-02  5.9364786099e-01  
0 7.0130531861e+00  1.2223499413e+01  1.2264562588e+01  -6.8857155469e-01  8.7150871848e-01  -9.2892997781e-01  
0 8.7630912723e+00  1.0525362039e+01  1.2251952033e+01  -8.5821635052e-01  -1.0594101434e+00  4.8423365034e-02  
0 8.7687086293e+00  1.2256125859e+01  1.0514150247e+01  -1.0637036237e+00  7.8602102763e-02  -7.9714122974e-01  
0 7.8688332369e+00  1.1383881428e+01  1.1361391580e+01  5.6955794413e-01  -3.5923104753e-01  6.9747863754e-01  
0 7.8477048210e+00  1.3139034966e+01  1.3124691981e+01  1.4952850698e+00  -8.2454985100e-01  1.0980171575e-01  
0 1.1354660264e+01  9.6072782772e+00  9.6035291194e+00  9.2198139488e-01  7.0306539076e-01  1.7968451820e+00  
0 9.6166541810e+00  1.1382526960e+01  9.6434139807e+00  8.5633882529e-03  -2.5687530917e-01  -2.2548938823e-01  
0 1.1375105425e+01  1.3133680169e+01  9.6319387725e+00  3.1092164987e-01  -3.5558665575e-01  -5.8426938718e-01  
0 1.3114054459e+01  1.1377390045e+01  9.6155835384e+00  9.7109784654e-01  5.8577658299e-02  2.8141185675e-01  
0 9.6303416580e+00  9.6163899429e+00  1.1395307211e+01  -1.0799294314e+00  1.3277631281e+00  -1.1969647436e+00  
0 1.1378209033e+01  9.6252731865e+00  1.3100587777e+01  -4.9273099462e-01  1.3023740551e-01  1.0566077684e+00  
0 1.3123308036e+01  9.6471072861e+00  1.1360847328e+01  4.0931767793e-01  -9.4304467769e-01  5.1550950814e-01  
0 9.6214592219e+00  1.1398254017e+01  1.3110062620e+01  -1.7657739062e-01  -3.3967783386e-01  8.6927074281e-01  
0 9.6327088808e+00  1.3135889596e+01  1.1365632344e+01  -3.3014632410e-01  -8.0656520589e-02  6.0247705005e-01  
0 1.0485044291e+01  1.0490572004e+01  1.0521864252e+01  6.1623020663e-01  3.6190076085e-01  -1.0342205659e+00  
0 1.0489328673e+01  1.2248672647e+01  1.2233026611e+01  1.0388312475e+00  8.0641406752e-01  1.0578673527e+00  
0 1.2251817588e+01  1.0473589557e+01  1.2251253583e+01  -3.0036531392e-03  1.8548084110e+00  -1.4120384909e-01  
0 1.2261800686e+01  1.2244580875e+01  1.0484507676e+01  -5.3049097887e-01  3.1022908881e-01  4.2958086815e-01  
0 1.1399879838e+01  1.1391607484e+01  1.1388734904e+01  -9.0932855955e-01  -8.9246864293e-01  -7.6960591244e-01  
0 1.1401903216e+01  1.3136111906e+01  1.3115625335e+01  -1.4510091531e+00  -6.9709450620e-01  4.2159857862e-01  
0 1.3116424707e+01  1.1387825578e+01  1.3137420167e+01  4.0268083777e-01  -6.1227724740e-01  -5.2666474836e-01  
0 1.3116080393e+01  1.3120088050e+01  1.1352866177e+01  9.5771571644e-01  -9.5983521957e-02  7.1425436354e-01  
