#N 512 1
#C Si
#X   1.4000000000e+01 0.0 0.0
#Y  0.0   1.4000000000e+01 0.0
#Z  0.0 0.0   1.4000000000e+01
#E 0.0
#F
0 -3.5903124378e-02  -1.6630926063e-02  2.7923813546e-02  2.3401610287e+00  1.1222463480e+00  -1.2674090675e+00  
0 1.7432617622e-02  1.7116987196e+00  1.7705175926e+00  -1.5763579276e+00  1.3183328941e+00  -6.7409854761e-01  
0 1.7744831100e+00  5.9428434974e-03  1.7535279557e+00  -9.4607442061e-01  6.1463786075e-02  -5.9593871880e-02  
0 1.7796385894e+00  1.7516125451e+00  2.8974458936e-02  -1.4070518485e+00  -3.1303928811e-01  -9.7468653979e-01  
0 8.4841264310e-01  8.7480193242e-01  9.0621622984e-01  1.8401955433e+00  -8.1308604825e-01  -1.6308456226e+00  
0 8.2983833699e-01  2.6184305081e+00  2.5974191711e+00  1.5278067466e+00  3.5437391942e-01  1.5653806939e+00  
0 2.6226034719e+00  8.4779824850e-01  2.6034122518e+00  -1.5869422043e-01  1.5609996481e+00  2.3534461080e+00  
0 2.6421384578e+00  2.5824391222e+00  9.0534541097e-01  -2.0823318844e-01  1.7429376830e+00  -9.2521640394e-01  
0 3.4988590631e+00  4.6592112547e-02  5.0273131887e-03  1.1595186141e+00  -1.1821244537e+00  -4.2795611943e-02  
0 3.4705969287e+00  1.7182532426e+00  1.7833181055e+00  1.7354718284e+00  1.6836427414e+00  -1.3675593800e+00  
0 4.3984350863e+00  9.0943876287e-01  9.0215617382e-01  -5.5274228689e-01  -9.9593207024e-01  -1.2674269648e+00  
0 4.3456264753e+00  2.5984769317e+00  2.6417639227e+00  8.7777102310e-01  1.1771577699e+00  -7.5832093031e-01  
0 -4.1044736250e-02  3.4834257761e+00  1.1071637241e-03  1.6701014087e+00  4.4490646167e-01  -5.0672157145e-01  
0 1.7754520889e+00  3.4573659303e+00  1.7583232581e+00  -1.6603324955e+00  1.6283455406e+00  -4.2143008430e-01  
0 8.3570534880e-01  4.3673972081e+00  8.5731279021e-01  1.4099416492e+00  -3.6862106201e-01  1.1402546116e+00  
0 2.6241802790e+00  4.3606037825e+00  2.6421379044e+00  -9.0129408172e-01  8.0868763610e-01  -8.7481773923e-01  
0 3.5006734749e+00  3.5073174419e+00  -3.3555108667e-02  -2.3527098517e-01  -1.1129384523e+00  1.8253131205e+00  
0 4.3771490014e+00  4.3762502000e+00  8.7107734945e-01  -9.9029881893e-02  -7.6292032482e-01  -5.2338972794e-01  
0 3.6167206897e-02  -3.8403281634e-02  3.5001008499e+00  -1.3090045170e+00  1.2522549292e+00  6.9093620433e-01  
0 1.7151456249e+00  1.7819525231e+00  3.5227088907e+00  1.3822160561e+00  -1.8033796791e+00  -1.1648891015e+00  
0 8.4455829459e-01  8.5259880644e-01  4.3881575320e+00  1.2928983195e+00  8.0993394532e-01  -3.7521041439e-01  
0 2.6419940603e+00  2.6549753724e+00  4.3560834163e+00  -9.9656375495e-01  -1.5135275240e+00  5.6522705918e-01  
0 3.5187910382e+00  -1.7547567665e-02  3.4704013023e+00  -8.4267729487e-02  1.0654866861e+00  1.3461186816e+00  
0 4.4088419108e+00  8.5037377859e-01  4.3853429674e+00  -8.9140082845e-01  1.6461992413e+00  -1.4593229027e+00  
0 -3.7096224972e-02  3.5011908830e+00  3.4933741988e+00  1.4728892422e+00  -2.9520456865e-01  -2.3684665633e-01  
0 8.6355386542e-01  4.3780539399e+00  4.3984362842e+00  1.1593767940e-01  -6.9473606868e-01  -1.6266349135e+00  
0 3.4694410780e+00  3.5267084164e+00  3.5072406448e+00  1.6640360792e+00  -1.2976763537e+00  -8.5703125245e-01  
0 4.3415799801e+00  4.3581720137e+00  4.3621238902e+00  1.7420789759e+00  1.0293644629e+00  -1.0334576960e-01  
0 5.2532819565e+00  3.9388622123e-02  1.7423929638e+00  6.2990799220e-01  -1.6416985811e+00  -3.2843605941e-02  
0 5.2727461948e+00  1.7533217687e+00  -8.3239279617e-04  -1.0706101948e+00  -3.5340138990e-02  -8.4720194495e-01  
0 6.1089305827e+00  8.9899389110e-01  2.5893027975e+00  1.1961993971e+00  -1.2220710923e+00  1.5631530313e+00  
0 6.1115622708e+00  2.6398554862e+00  8.2553633501e-01  1.6240699905e+00  -1.0602760453e+00  1.0492324567e+00  
0 7.0017519411e+00  -9.1124353130e-03  -3.3762009546e-02  -9.2973706025e-01  1.3762266368e-01  2.3163512578e+00  
0 6.9667714013e+00  1.7272247475e+00  1.7458266104e+00  1.4377955753e+00  2.4771304100e+00  -1.4204491681e+00  
0 8.7214020809e+00  2.8887756665e-02  1.7278863271e+00  1.5581509275e+00  -1.2469659537e+00  8.3100867783e-01  
0 8.7253806058e+00  1.7445538528e+00  -3.7943986768e-02  7.3985265201e-01  -1.8350323914e-02  1.7998893881e+00  
0 7.8544378205e+00  8.8057610927e-01  8.8733838797e-01  2.5420922573e-02  -3.3070031170e-01  -1.5860519213e+00  
0 7.8650397224e+00  2.6437925467e+00  2.6104862812e+00  2.3483475030e-01  -1.1796160941e+00  -6.5425044028e-02  
0 5.2765766579e+00  3.4690336408e+00  1.7131610832e+00  -1.8437157028e+00  1.4734661129e+00  1.5467054099e+00  
0 6.1632607487e+00  4.3606101838e+00  2.5833154071e+00  -1.7216316558e+00  2.2807729916e-01  1.5224853356e+00  
0 7.0148320738e+00  3.5307035465e+00  -1.9501244087e-02  -6.1277851793e-01  -2.1495272019e+00  -4.2751411161e-01  
0 8.7703062426e+00  3.4880365831e+00  1.7185796215e+00  -1.8372084099e+00  7.1781185287e-01  1.3429328380e+00  
0 7.8514190731e+00  4.3401214027e+00  8.7183696290e-01  1.7783122101e+00  1.4513881198e+00  -5.7351769256e-01  
0 5.2681102047e+00  1.7353560797e+00  3.4613159884e+00  -6.6126592378e-01  8.9497518009e-01  1.7731442494e+00  
0 6.1443357500e+00  2.6304418971e+00  4.3748887167e+00  -1.4048271512e+00  -3.3310381005e-01  -9.9739188116e-01  
0 7.0287515628e+00  2.0273729807e-02  3.4698464348e+00  -2.5280947390e+00  -9.4172217774e-01  8.5586704320e-01  
0 8.7538808796e+00  1.7514577330e+00  3.4614490151e+00  -3.1688468485e-01  -3.9479616507e-01  9.8627607742e-01  
0 7.8825267831e+00  8.4532965695e-01  4.3717393226e+00  -3.9974898193e-01  1.8604751661e+00  -3.1850418622e-01  
0 7.0124215956e+00  3.5170386645e+00  3.4940278381e+00  2.7738883858e-02  -3.5406974772e-01  -1.2182378766e-01  
0 7.8943929814e+00  4.4025386847e+00  4.3572755084e+00  -1.3647750638e+00  -9.7691483662e-01  7.4068054498e-01  
0 9.6292055401e+00  8.8497502938e-01  2.5868331601e+00  1.1851217383e-01  6.4110021124e-02  1.1039272667e+00  
0 9.6042798416e+00  2.6310304724e+00  8.6371597992e-01  1.1096312501e+00  -7.0111047123e-02  -7.4758572297e-01  
0 1.0515935741e+01  1.6126954569e-03  -3.7330970201e-02  -4.5665354962e-01  -4.1178664820e-01  2.4051894094e+00  
0 1.0527853355e+01  1.7889849936e+00  1.7632472770e+00  -1.5620804573e+00  -1.9779819466e+00  -1.9892688598e+00  
0 1.2280887264e+01  -3.0046228695e-02  1.7248224835e+00  -1.7824059575e+00  1.4293911420e+00  2.4321944036e+00  
0 1.2220349909e+01  1.7337625147e+00  1.1663508856e-02  1.6299049790e+00  7.7954173265e-01  -9.5324312630e-01  
0 1.1394153427e+01  8.9252711083e-01  8.7598347805e-01  -1.1894557740e+00  -1.1158655954e+00  4.3575743095e-01  
0 1.1365465098e+01  2.6663199405e+00  2.5921857541e+00  9.2180938026e-01  -1.9952135612e+00  1.7542888119e+00  
0 1.3161873153e+01  8.4113621189e-01  2.6601699929e+00  -1.6269024675e+00  3.7102081385e-01  -1.5487104627e+00  
0 1.3135070763e+01  2.5788006858e+00  8.6183066028e-01  -1.0705214069e+00  9.9235340161e-01  5.2974222515e-01  
0 9.6274121857e+00  4.3790324760e+00  2.6206842828e+00  -9.4357848863e-01  4.0614155987e-01  2.1252386085e-01  
0 1.0466268607e+01  3.5420775071e+00  -2.5144062147e-02  1.6304488870e+00  -1.7382948873e+00  1.2440855307e+00  
0 1.2227921123e+01  3.4788245776e+00  1.7268109707e+00  1.4612068362e+00  1.1347110556e+00  5.1198682113e-01  
0 1.1399636140e+01  4.3920351621e+00  8.8846605047e-01  -2.1682275734e+00  -7.6542197382e-01  -1.0337592957e+00  
0 1.3117442277e+01  4.3621282970e+00  2.6112097989e+00  -7.8954958395e-01  -3.4816304343e-01  1.2483241316e+00  
0 9.6029290870e+00  2.5952271451e+00  4.3463338402e+00  1.0320116079e+00  1.9271953649e+00  5.0183358434e-01  
0 1.0501987022e+01  -9.5972865506e-03  3.4750063393e+00  -2.4770903071e-01  3.5319569506e-01  7.3639016134e-01  
0 1.2268913637e+01  1.7470464649e+00  3.4800783911e+00  -5.5715438667e-01  -3.2552647497e-02  5.5243282074e-01  
0 1.1408268366e+01  8.8518587311e-01  4.3988010495e+00  -2.0287451183e+00  -1.9071767465e-01  -1.8288305431e+00  
0 1.3136505931e+01  2.6174303300e+00  4.3458867137e+00  -8.4249953420e-01  2.0569168554e-01  9.6190626983e-01  
0 1.0506374262e+01  3.5344901977e+00  3.4808221853e+00  -5.1500537796e-01  -1.6104892841e+00  8.9995169269e-01  
0 1.1389779303e+01  4.3736852231e+00  4.3936087780e+00  -1.2635507679e+00  -1.4312029818e+00  2.4884871189e-01  
0 -3.6249335071e-02  5.2189365838e+00  1.7825372782e+00  1.6496438614e+00  1.1015224255e+00  -1.8535292485e+00  
0 1.7558219625e+00  5.2614595801e+00  6.1280916250e-03  -1.2756003858e+00  -7.0503934142e-01  -1.1102710834e-01  
0 8.8442409582e-01  6.1080701819e+00  2.5996415400e+00  -1.0614459549e+00  -3.5897262793e-01  1.2793700609e+00  
0 2.6312459092e+00  6.0902006587e+00  8.5515178823e-01  -4.4205483477e-01  9.2687178949e-01  1.1683431755e+00  
0 3.4641694851e+00  5.2384246119e+00  1.7179754107e+00  1.8951556853e+00  -4.4614794189e-01  1.8289108198e+00  
0 4.3792072547e+00  6.1229889077e+00  2.6203928225e+00  -3.8595656627e-01  -1.9241549230e-01  -3.4865725798e-01  
0 -3.0485630040e-02  7.0369916740e+00  3.1301544470e-02  7.0580795532e-01  -1.0784737582e+00  -1.2029359036e+00  
0 3.1691478126e-02  8.7338699338e+00  1.7670488501e+00  -8.7086094138e-01  1.6364426476e+00  -1.1136668066e+00  
0 1.7540577566e+00  6.9590188947e+00  1.7559641130e+00  4.8240916095e-01  1.5499150074e+00  -1.3462436533e+00  
0 1.7869724824e+00  8.7757463003e+00  -2.0181889336e-02  -1.1543610589e+00  -9.5541736792e-01  9.1173940173e-01  
0 8.7361320531e-01  7.9095436458e+00  8.5159463900e-01  6.8646071624e-01  -1.4820208167e+00  1.6205310882e+00  
0 2.6409156954e+00  7.8974306889e+00  2.6249254607e+00  -1.4509470022e+00  -2.0179331444e+00  -1.0852998780e-01  
0 3.5097322374e+00  6.9539613895e+00  1.2049366785e-02  -3.8774671174e-02  1.1175440296e+00  -2.0084025129e-01  
0 3.4845544844e+00  8.7224661514e+00  1.7750956985e+00  6.8396357801e-01  2.0142246354e+00  -2.1711569199e+00  
0 4.3623058270e+00  7.8745237514e+00  8.9427873336e-01  3.9184374016e-01  -7.0575850949e-01  -7.3459568918e-01  
0 1.7144296345e+00  5.2493843981e+00  3.5206900611e+00  1.6615671292e+00  -7.0051370787e-02  -7.5815659936e-01  
0 2.6083565050e+00  6.1501887327e+00  4.4120233622e+00  7.1333329772e-01  -1.2422248455e+00  -2.0400368871e+00  
0 3.2533379632e-02  6.9970774714e+00  3.4805562496e+00  -1.8725885098e+00  -3.6703808406e-01  3.1526419760e-02  
0 1.7377620050e+00  8.7544944014e+00  3.4640016170e+00  1.2598294072e+00  4.4075068167e-02  1.3853678509e+00  
0 9.0058670882e-01  7.8621881659e+00  4.3348271559e+00  -1.8400689067e+00  1.1179363750e+00  1.2544358470e+00  
0 3.5168846964e+00  7.0174037439e+00  3.5054690535e+00  -1.2627316518e+00  -9.4879714614e-01  -6.1159882903e-01  
0 4.3693952965e+00  7.8760325613e+00  4.3462948119e+00  6.6611276059e-01  5.8998960448e-01  1.6871559173e+00  
0 5.2456501280e+00  5.2180526708e+00  -3.7171481671e-02  8.4864266806e-01  1.4138983104e+00  1.4678431540e+00  
0 6.1082965562e+00  6.1141904232e+00  8.6934285026e-01  1.3700057591e+00  -4.5703410231e-01  -4.1685000482e-01  
0 7.0102204557e+00  5.2283378797e+00  1.7278392859e+00  -5.8249286348e-02  5.5041124283e-01  2.9395345034e-01  
0 8.7414636201e+00  5.2413633267e+00  1.4835231728e-02  7.4351368874e-01  -2.4317244519e-01  -6.4935253654e-01  
0 7.8897781142e+00  6.1067018508e+00  2.5907658521e+00  -3.2110342973e-01  1.2566840996e+00  1.2843550651e+00  
0 5.2762734858e+00  6.9687005615e+00  1.7247318750e+00  -1.3388476327e+00  1.3930055748e+00  1.7009894957e+00  
0 5.2270138436e+00  8.7409160022e+00  1.0025111708e-02  5.2196270774e-01  5.2026702250e-01  -1.9299775976e-01  
0 6.1417167371e+00  7.8984060400e+00  2.6325335530e+00  -3.0844198381e-01  -1.4608168381e+00  -8.0944029113e-01  
0 7.0324546811e+00  6.9929330988e+00  3.3362341634e-02  -1.9340512120e+00  -2.4460595459e-01  -1.7905403060e+00  
0 7.0151090811e+00  8.7285733549e+00  1.7592764820e+00  -5.2372879141e-01  1.1273403004e+00  -2.8951169736e-01  
0 8.7830623390e+00  7.0044079620e+00  1.7560055954e+00  -1.7251785229e+00  -6.8621645046e-01  -1.1606004770e+00  
0 8.7412419501e+00  8.7072132004e+00  -3.8743077660e-02  -1.1537022498e-02  1.3716990174e+00  1.7574102769e+00  
0 7.8536438620e+00  7.8630240706e+00  8.7564329724e-01  1.9363365124e+00  3.1446597826e-01  6.9681741585e-01  
0 5.2563305900e+00  5.2500352828e+00  3.4783057305e+00  1.5989675824e-01  -3.7310823398e-01  5.6973704125e-01  
0 6.1421876447e+00  6.1609581625e+00  4.3860668314e+00  2.1986988129e-01  -1.7390900860e+00  -1.5790011243e-01  
0 8.7217648892e+00  5.2817406525e+00  3.5160044462e+00  1.9977064670e+00  -1.7093874663e+00  -7.0856527383e-01  
0 5.2489759630e+00  8.7817767074e+00  3.4587473101e+00  5.8177130428e-02  -1.4189565969e+00  1.8454941446e+00  
0 7.0319289557e+00  7.0084295622e+00  3.5212818621e+00  -1.1436326233e+00  3.0282289890e-02  -1.3201229862e+00  
0 8.7876802656e+00  8.7713355487e+00  3.4923994682e+00  -4.4063039264e-01  -1.1945717611e+00  1.6635345138e-01  
0 7.8804671311e+00  7.9002310886e+00  4.3631149396e+00  8.6830717364e-01  -3.8397263427e-01  1.2807172887e+00  
0 9.6148361344e+00  6.1056277507e+00  8.7048099914e-01  1.0957088212e+00  9.3206539457e-01  3.4131097196e-01  
0 1.0461952955e+01  5.2540476846e+00  1.7710246148e+00  1.8233944210e+00  -3.7702141729e-01  -8.7521013151e-01  
0 1.2235346202e+01  5.2413234614e+00  1.6699948969e-02  9.3831974011e-01  9.5848836503e-01  -9.6035571276e-01  
0 1.1396090794e+01  6.0842198341e+00  2.6435993814e+00  -1.3948186437e+00  1.0352754697e+00  -1.1908069570e-01  
0 1.3128085421e+01  6.0857001833e+00  8.8557191150e-01  -7.2695503227e-01  1.6191895996e+00  -5.3074999254e-02  
0 9.6338738298e+00  7.8521154810e+00  2.5961010834e+00  8.5735431370e-01  6.6106710312e-01  2.2059844300e+00  
0 1.0532305425e+01  7.0169418481e+00  9.5007692883e-04  -2.2098793043e+00  -1.0351587583e+00  -6.7530131152e-01  
0 1.0506264237e+01  8.7365553739e+00  1.7508392461e+00  -3.7343666463e-01  2.6716333850e-01  -8.4493699840e-01  
0 1.2220797888e+01  6.9623487201e+00  1.7608405458e+00  1.1220349496e+00  1.0053321946e+00  -3.2745909236e-01  
0 1.2245876883e+01  8.7701080193e+00  2.6012064072e-02  -5.7131365479e-01  -1.0264970123e+00  -8.9141315756e-01  
0 1.1352999552e+01  7.8641694665e+00  8.5387476259e-01  1.4433000816e+00  6.9479515322e-01  1.6123501279e+00  
0 1.3105900762e+01  7.8895023009e+00  2.5965523890e+00  1.0031275055e+00  -1.0407165260e+00  1.4033153245e+00  
0 9.6582318934e+00  6.1010874943e+00  4.4088793173e+00  -1.1239754410e+00  7.3300832305e-01  -1.1263304506e+00  
0 1.2228113897e+01  5.2146291313e+00  3.5342884726e+00  1.6055035365e+00  1.4314948691e+00  -1.1951450257e+00  
0 1.3127611103e+01  6.1151189458e+00  4.3954656513e+00  1.6518124289e-01  3.7735041593e-01  -1.1921612479e+00  
0 1.0523330258e+01  6.9591994389e+00  3.5436198030e+00  -2.6016656454e-01  1.2583849857e+00  -1.2864935224e+00  
0 1.2240120411e+01  8.7566088656e+00  3.5003225281e+00  6.5800446726e-01  -1.5764691862e-01  -3.1922284981e-01  
0 1.1399361937e+01  7.8698690307e+00  4.3805487161e+00  -7.2235181303e-01  -7.5336850830e-02  3.0181903611e-01  
0 8.9396304977e-01  9.6518561077e+00  2.5937786973e+00  -7.5124093638e-01  -2.7376417566e-01  1.9702699650e+00  
0 2.6237919826e+00  9.6539726043e+00  8.4873840860e-01  9.6258396218e-01  -5.8715356801e-01  1.2064743932e+00  
0 4.3409376911e+00  9.6086760772e+00  2.6176689216e+00  1.2325679486e+00  1.0939162141e+00  5.3856240529e-01  
0 -1.8074648749e-02  1.0462112199e+01  -2.7118432009e-02  1.7001324557e+00  2.0040089988e+00  1.7524013988e+00  
0 2.3212377468e-02  1.2280091704e+01  1.7396559462e+00  1.1863712837e-01  -7.7137234696e-01  3.8575532496e-01  
0 1.7902163946e+00  1.0524812209e+01  1.7687983483e+00  -1.1648588912e+00  -3.1027820360e-01  -9.1863648376e-01  
0 1.7748283311e+00  1.2290184181e+01  1.8277549822e-03  -6.2518794477e-01  -2.3857984751e-01  3.9920116521e-03  
0 9.0387007068e-01  1.1408824475e+01  8.6509150171e-01  -8.2768820465e-01  -7.5028215092e-01  1.4267518270e-01  
0 9.0570903771e-01  1.3158941954e+01  2.5994598240e+00  -2.3664607308e-01  -2.0008215897e+00  1.0946668923e+00  
0 2.6644662462e+00  1.1371273678e+01  2.6606626273e+00  -4.7842787687e-01  5.5375041502e-01  -1.3393109073e+00  
0 2.6684103426e+00  1.3171720125e+01  9.1472784257e-01  -1.0915665061e+00  -1.2355619101e+00  -1.5870484730e+00  
0 3.4883503993e+00  1.0553418203e+01  5.2790681999e-03  2.4784320836e-01  -1.0633360144e+00  -7.1684225380e-01  
0 3.5462383636e+00  1.2255110095e+01  1.7744703401e+00  -9.2288219850e-01  8.8021357448e-01  -6.0338355936e-01  
0 4.3555533767e+00  1.1418985839e+01  8.5757107233e-01  9.9700515223e-01  -1.6313238529e+00  6.2147723113e-01  
0 4.4220174243e+00  1.3151089623e+01  2.6125539686e+00  -1.1098053278e+00  -1.0274366289e+00  5.8015796798e-01  
0 2.6271167863e+00  9.6318636816e+00  4.3968389797e+00  -5.5600972836e-01  -8.0108705082e-01  -9.1681586222e-01  
0 -4.8399819508e-03  1.0540113444e+01  3.5278642122e+00  4.2420710098e-01  -1.5861426026e+00  -1.4913941867e+00  
0 1.7727416552e+00  1.2274654598e+01  3.4872123312e+00  -5.5111390509e-01  -1.1825034841e+00  6.8065592540e-01  
0 8.8025217784e-01  1.1357236815e+01  4.3899829051e+00  -3.2399766934e-01  2.4111896386e+00  -3.2938325405e-01  
0 2.6444409984e+00  1.3137341131e+01  4.3353236261e+00  -7.3112661251e-01  -3.2241107715e-01  1.6831281573e+00  
0 3.5262739914e+00  1.0484226982e+01  3.5230175637e+00  -1.4093729777e+00  4.1493230659e-01  -8.4674105129e-02  
0 4.3658463257e+00  1.1376527195e+01  4.4003852007e+00  1.6657972010e-01  8.6179028976e-02  -1.8344308942e+00  
0 6.1273060607e+00  9.6135748962e+00  8.9651499668e-01  -3.2172894594e-01  3.7985821510e-01  -7.8373844686e-01  
0 7.8531041490e+00  9.6335519384e+00  2.6303130500e+00  2.1353363454e+00  -4.8843564858e-01  -2.2412265702e-01  
0 5.2219859881e+00  1.0509001178e+01  1.7749483916e+00  5.7567460590e-01  -4.4883678045e-01  -1.2851083880e+00  
0 5.2410615596e+00  1.2255591825e+01  -1.3469031051e-02  1.2651004367e-01  -2.7868695403e-01  7.3404511627e-02  
0 6.1109291645e+00  1.1355922020e+01  2.6469273421e+00  2.8533146135e-01  5.6142264736e-01  -3.1231936702e-01  
0 6.1268909323e+00  1.3094575110e+01  8.7825715013e-01  -5.4737579732e-01  1.6654283693e+00  -6.3178903875e-01  
0 7.0131129518e+00  1.0484269088e+01  -9.3349664812e-03  -1.0530179822e+00  4.2612733598e-01  1.2302294250e+00  
0 6.9768412998e+00  1.2240882753e+01  1.7550782315e+00  4.0483087523e-01  5.9212605199e-02  2.9708241980e-01  
0 8.7599697283e+00  1.0494016595e+01  1.7318211899e+00  -1.2196352464e+00  4.6978137707e-01  1.1136421058e+00  
0 8.7097576202e+00  1.2285837148e+01  4.4215060192e-02  1.5361081435e+00  -8.5129541973e-01  -1.5270463333e+00  
0 7.8658070012e+00  1.1404095546e+01  9.0054625260e-01  -8.6793355007e-02  -1.2741149412e+00  -8.7491189872e-01  
0 7.8498522401e+00  1.3152582468e+01  2.6059863644e+00  1.0700409394e+00  -1.4184721525e+00  4.5195463509e-01  
0 6.1249695953e+00  9.6390879203e+00  4.3790379603e+00  -8.3779180347e-01  2.5725812173e-01  -4.4319104777e-01  
0 5.2519092032e+00  1.2257412971e+01  3.5056902951e+00  1.3862116850e-01  -3.5998033162e-01  -1.2733701818e-01  
0 6.1172782914e+00  1.3099407121e+01  4.3625940676e+00  1.0198208361e+00  1.5373762818e+00  2.1594223938e-01  
0 7.0257669686e+00  1.0471239920e+01  3.5230277822e+00  -1.5921539046e+00  1.5023478858e+00  -5.6130530436e-01  
0 8.7091591664e+00  1.2224419837e+01  3.5154466208e+00  1.4477770127e+00  1.7892713275e+00  -8.5342688491e-01  
0 7.8557493475e+00  1.1383579083e+01  4.4133858522e+00  6.3668990238e-01  -1.5643927565e+00  -1.5034098979e+00  
0 9.5865002940e+00  9.6279403795e+00  8.6102978369e-01  1.4378630086e+00  -8.8574557705e-01  1.8061537693e-01  
0 1.1397858565e+01  9.6079907824e+00  2.5954345552e+00  -8.1526141010e-01  6.2388662170e-01  9.0004690165e-01  
0 1.3158411340e+01  9.6127560342e+00  8.9565145511e-01  -1.3089893124e+00  6.4165297099e-01  -8.6088039212e-01  
0 9.6464448937e+00  1.1372413292e+01  2.6181047541e+00  -8.4927657440e-01  -5.9965669560e-01  4.1015962175e-01  
0 9.6552668040e+00  1.3104819701e+01  9.0383018314e-01  -7.4995332081e-01  1.2495834915e+00  -1.4799150779e+00  
0 1.0464133216e+01  1.0488349683e+01  7.4712389358e-03  1.5507775258e+00  1.2443655522e+00  -8.7650083899e-01  
0 1.0528687337e+01  1.2230494178e+01  1.7602029751e+00  -1.5777035051e+00  4.3216218734e-01  -3.7890154899e-01  
0 1.2268408188e+01  1.0497404067e+01  1.7284897211e+00  9.7065879565e-01  -1.5010823425e-03  1.4272723516e+00  
0 1.2241528880e+01  1.2274936839e+01  2.1393359866e-02  1.0588754636e+00  -1.2042661663e+00  -7.1109446844e-01  
0 1.1404304454e+01  1.1365780291e+01  8.9128667682e-01  -1.2494573173e+00  3.0170341628e-01  -1.0312928633e+00  
0 1.1345299146e+01  1.3090470949e+01  2.6156225192e+00  2.4919966655e+00  1.8583847411e+00  2.3538681542e-01  
0 1.3161599235e+01  1.1407198057e+01  2.6484399611e+00  -9.7788292491e-01  -6.7850832642e-01  -1.6933922127e+00  
0 1.3151274343e+01  1.3135912499e+01  8.9673721802e-01  -9.3077473433e-01  -1.5210115349e+00  -1.2456312081e+00  
0 9.6615932946e+00  9.6048293468e+00  4.3871742075e+00  -5.0844052926e-01  1.2263222261e+00  -1.2039752784e+00  
0 1.3111905046e+01  9.6470376344e+00  4.3912274047e+00  2.6130086526e-01  1.0348565406e-01  -1.2538218317e+00  
0 9.6293070427e+00  1.3131363833e+01  4.4098433497e+00  -8.0651077407e-01  -4.1252695465e-01  -2.0396425889e+00  
0 1.0541214425e+01  1.0522526652e+01  3.4849646445e+00  -1.4068391848e+00  -2.2368035096e+00  -3.3449419811e-01  
0 1.2260310873e+01  1.2267185697e+01  3.4792153239e+00  2.8464464820e-03  -9.1442597535e-01  1.3445355739e+00  
0 1.1384919570e+01  1.1351757567e+01  4.3382243329e+00  -9.0243119813e-02  2.0851123431e+00  1.3330975709e+00  
0 1.3148992126e+01  1.3094645364e+01  4.4073591162e+00  -1.3923659123e+00  1.8493415991e+00  -1.0405561372e+00  
0 -1.4810204966e-02  1.7663580363e+00  5.2340858130e+00  5.2133551385e-01  -1.2187882188e+00  4.3832568194e-01  
0 1.7280828906e+00  9.8857843790e-03  5.2363131271e+00  4.2482776473e-01  -1.2923969380e+00  7.7553050066e-02  
0 8.9088828085e-01  2.6225255299e+00  6.1327774693e+00  -2.8681150947e-01  -5.4708823674e-01  -8.7620839577e-01  
0 2.6021600696e+00  8.4085214781e-01  6.0948823505e+00  1.4415415722e+00  1.7546582891e+00  1.2179410356e+00  
0 3.5258667999e+00  1.7745293672e+00  5.2199950090e+00  -6.2885535992e-01  -1.5656072976e+00  9.6486073280e-01  
0 4.4038680557e+00  2.6296996156e+00  6.1299007484e+00  -1.1052048307e+00  -4.3660808274e-01  1.3455969380e-01  
0 1.7804146100e+00  3.4823029313e+00  5.2236187426e+00  -1.4017001172e+00  1.0570205207e+00  1.6462119880e+00  
0 2.6312008198e+00  4.3515843276e+00  6.1228093456e+00  -1.0144526419e-01  2.1583099607e+00  6.1441444676e-02  
0 1.9479078278e-02  9.3308126413e-03  7.0362692777e+00  -9.9591434498e-01  -1.3084099132e-01  -1.6168584719e+00  
0 2.3941000611e-02  1.7259817303e+00  8.7522805733e+00  -5.5070534913e-01  7.7755345503e-01  7.0107745466e-01  
0 1.7760109319e+00  -1.8765397242e-03  8.7573431790e+00  -2.0273825538e+00  -4.7289285886e-01  -9.9180598962e-01  
0 1.7394114214e+00  1.7209206750e+00  7.0074954890e+00  6.3986391480e-01  4.0619952269e-01  -1.0907155842e+00  
0 8.9932969495e-01  8.8592930974e-01  7.9158704917e+00  -6.6583976204e-01  -1.1435601260e+00  -1.6082059741e+00  
0 2.5918406650e+00  2.6017807823e+00  7.8370576916e+00  1.8089529326e+00  9.0949061400e-01  1.9236940264e+00  
0 3.5326201340e+00  -1.8567381355e-02  7.0052848287e+00  -9.7233113350e-01  1.1348205962e+00  -4.4731907417e-01  
0 3.4870334381e+00  1.7245816267e+00  8.7793984677e+00  7.1157603013e-01  2.1550135102e+00  -1.3558147680e+00  
0 4.4032795043e+00  9.1478054509e-01  7.8876937303e+00  -6.8216185503e-01  -1.5116226558e+00  -5.0228619860e-02  
0 3.5369270504e-02  3.4873246336e+00  6.9984603304e+00  -9.4519400173e-01  2.7340191979e-01  -3.6262254706e-01  
0 1.7198758569e+00  3.4881729181e+00  8.7233476382e+00  1.0956892098e+00  5.0165055936e-01  8.7472344447e-01  
0 8.7295995307e-01  4.4114731196e+00  7.8595474966e+00  1.8644246269e-01  -1.6959468939e+00  2.7779789071e-01  
0 3.4990869214e+00  3.5243798732e+00  7.0002950390e+00  5.5765574446e-01  -2.0221629429e+00  1.8336378790e-01  
0 4.3829724528e+00  4.3879407369e+00  7.8993519987e+00  -3.2212731956e-01  -8.6432502289e-01  -1.0208986905e+00  
0 5.2798498389e+00  2.6909182364e-02  5.2295894231e+00  -2.9193344181e-01  -1.9612940572e+00  1.4214904570e+00  
0 6.1543870341e+00  8.5012529520e-01  6.1534577445e+00  -1.1232501194e+00  1.3008826933e+00  -7.3072571123e-01  
0 6.9671652728e+00  1.7536506930e+00  5.2505156022e+00  2.1119022793e+00  -2.6277403441e-01  4.4221702533e-02  
0 8.7358776948e+00  -1.4667912731e-02  5.2667128724e+00  -2.2537394078e-01  5.4744833849e-01  -1.2806458897e+00  
0 7.8445354167e+00  2.6650919882e+00  6.1141230052e+00  7.6978230052e-01  -1.5570846961e+00  3.1011011240e-02  
0 5.2189127903e+00  3.4696438213e+00  5.2206582261e+00  1.4505964412e+00  1.3885656096e+00  4.3189629375e-01  
0 6.0908934606e+00  4.3434521868e+00  6.1239356112e+00  1.2579673084e+00  1.2966646358e+00  -3.2399036394e-01  
0 8.7359432731e+00  3.4886895523e+00  5.2194840081e+00  2.4190862242e-01  7.9609148402e-01  9.3518415330e-01  
0 5.2627517636e+00  7.7603258953e-03  8.7699527697e+00  -1.1775417146e+00  1.4827249438e-01  8.0799900722e-02  
0 5.2857147466e+00  1.7689740380e+00  7.0211094229e+00  -9.5686436366e-01  -1.3895154380e-01  -4.5975988810e-01  
0 6.1635626278e+00  2.6496661900e+00  7.8623096147e+00  -1.6799374790e+00  -4.9803561240e-01  1.8798238216e+00  
0 7.0085068745e+00  -2.0875171325e-02  7.0398366045e+00  -5.9156456470e-01  1.2231935952e+00  -7.7437831812e-01  
0 6.9781608832e+00  1.7185681229e+00  8.7866726484e+00  8.0538624805e-01  1.7475245365e+00  -1.2057256661e+00  
0 8.7202360632e+00  -4.0769844216e-04  8.7766130588e+00  1.4073838423e+00  -1.1617475301e-01  -2.0227883571e-01  
0 8.7067505218e+00  1.7661977214e+00  6.9972280856e+00  9.7128857667e-01  -3.3867808419e-01  2.4494414417e-01  
0 7.8732268594e+00  8.9602664900e-01  7.9201986662e+00  -6.6021556411e-01  -1.2864829443e+00  -7.6096741001e-01  
0 5.2790616038e+00  3.5374218503e+00  8.7818761072e+00  -1.2625409088e+00  -1.8226943110e+00  -1.8609916000e+00  
0 7.0019127283e+00  3.5232834963e+00  7.0228989886e+00  2.3067806111e-01  -8.1268348543e-01  -1.5060219470e+00  
0 8.7154708180e+00  3.5204800478e+00  8.7780781741e+00  1.3758725349e+00  -1.1534936648e+00  -9.5567669653e-01  
0 7.9003687628e+00  4.3685505578e+00  7.8511030494e+00  -1.5161988455e+00  1.1068829273e+00  1.4345404312e+00  
0 9.5975695344e+00  8.4309700212e-01  6.1142346526e+00  -8.8881426415e-02  1.3589667300e+00  5.1964351420e-01  
0 1.0469702442e+01  1.7701393942e+00  5.2277031772e+00  6.1270566735e-01  -1.6511387302e+00  9.2928147820e-01  
0 1.2230718388e+01  2.7214782344e-02  5.2775149148e+00  1.5961370012e+00  -2.1194443859e+00  -9.0006752392e-01  
0 1.1353676486e+01  2.5915424694e+00  6.1564468631e+00  4.9712464900e-01  1.1097734976e+00  -1.9741830537e+00  
0 1.3103599100e+01  8.7058118377e-01  6.1177566731e+00  1.6705966553e+00  7.5940851641e-01  7.4574823772e-01  
0 9.6038393835e+00  4.3885007102e+00  6.1521103591e+00  1.6402583252e+00  -1.9873038280e+00  -7.5233783424e-01  
0 1.2270071585e+01  3.4567089070e+00  5.2406243399e+00  -1.4534738042e+00  7.1458623819e-01  5.0237182483e-01  
0 1.3109286660e+01  4.3320936459e+00  6.1165770455e+00  2.0538218553e+00  6.8113926567e-01  -5.7407201322e-02  
0 9.6104150915e+00  2.6225284323e+00  7.8909349761e+00  -2.9240657945e-01  -6.9827877450e-02  -4.9209685091e-01  
0 1.0458531474e+01  -2.0174456974e-02  6.9930902777e+00  9.7767366437e-01  4.4096300749e-01  3.8678085082e-01  
0 1.0464085976e+01  1.7066766389e+00  8.7090625617e+00  1.1486180570e+00  1.1886611299e+00  1.5806919295e+00  
0 1.2266741965e+01  6.1861634050e-03  8.7596183227e+00  -2.4945823611e-01  -4.3030079324e-01  -6.5597831716e-01  
0 1.2256268539e+01  1.7356626400e+00  6.9708683218e+00  -2.6869835208e-01  -2.5270562942e-01  1.5636674986e+00  
0 1.1381422114e+01  8.7056706981e-01  7.8510505596e+00  -3.7565917942e-01  -3.8032898110e-01  5.9891396095e-01  
0 1.3161253555e+01  2.5837009603e+00  7.8685532672e+00  -8.5601702208e-01  9.3855466081e-01  7.4386508334e-02  
0 1.0525564213e+01  3.4812782152e+00  7.0260737652e+00  -2.0172347977e+00  7.3421481452e-02  -1.2852254661e+00  
0 1.2231772406e+01  3.4667979935e+00  8.7283722542e+00  2.2297529203e+00  6.5445421114e-01  9.2565545301e-01  
0 1.1406326362e+01  4.3326371231e+00  7.8537403210e+00  -1.2597501011e+00  1.6778470647e+00  1.0017081429e+00  
0 -1.1085225195e-02  5.2356858201e+00  5.2306856396e+00  5.9792377935e-01  7.1736709094e-02  2.3087833490e+00  
0 8.7278202348e-01  6.1558788682e+00  6.1443783869e+00  -1.0122682992e+00  -1.5724821812e+00  -1.1966301532e+00  
0 3.5166600683e+00  5.2809875892e+00  5.2341583729e+00  -5.9995005007e-01  -6.9865526529e-01  1.1117341350e+00  
0 4.4132301030e+00  6.1277889828e+00  6.1453790949e+00  -1.2418223570e+00  3.0764557748e-01  -1.6402319696e+00  
0 -3.1421178102e-02  8.7593320313e+00  5.2323662849e+00  2.2530749190e+00  4.2974531941e-01  4.0189744044e-01  
0 1.7246743528e+00  6.9790078209e+00  5.2440320073e+00  6.9962796468e-01  1.5517057481e+00  5.7123228413e-01  
0 2.5815365645e+00  7.8441750098e+00  6.1171910689e+00  1.3553891755e+00  8.4736718664e-01  9.2977483166e-01  
0 3.4554363923e+00  8.7104381987e+00  5.2790637877e+00  1.6076989230e+00  1.5554429618e+00  -1.1099688922e+00  
0 2.9838311615e-02  5.2217921271e+00  8.7388976719e+00  -1.9284278138e+00  2.2970282953e+00  1.4141243288e-01  
0 1.7371778716e+00  5.2782927783e+00  7.0209665037e+00  9.4865435858e-01  -3.8267862866e-01  -1.1622153088e+00  
0 2.6664501847e+00  6.1546954473e+00  7.9060207061e+00  -1.2027652614e+00  -1.2043200457e+00  -1.2856932054e+00  
0 3.4900618082e+00  5.2234274869e+00  8.7262678170e+00  6.2041601712e-01  1.2613788613e+00  1.6674154214e+00  
0 -2.6336892449e-02  7.0282815837e+00  6.9821770326e+00  6.5373694125e-01  -7.3984155824e-01  4.8358948686e-01  
0 -2.8702119902e-02  8.7599522009e+00  8.7260635094e+00  1.1069365834e+00  -2.3791243057e+00  9.4767199818e-01  
0 1.7663528041e+00  6.9887122420e+00  8.7668067762e+00  -5.4594141012e-01  8.7724770585e-01  -4.8529740177e-01  
0 1.7345984750e+00  8.7379480983e+00  7.0245461943e+00  6.2648780912e-01  -2.4734547468e-01  -1.9591582842e+00  
0 8.8585151794e-01  7.8529921881e+00  7.8427903347e+00  -1.2432075026e+00  9.2800607586e-01  2.0314383937e+00  
0 3.5270193482e+00  7.0016054670e+00  7.0102550889e+00  -5.5452842738e-01  4.6431472606e-02  -4.1935417626e-01  
0 3.5108702039e+00  8.7231737109e+00  8.7799310700e+00  -1.1050532557e+00  1.0900686441e+00  -2.4947568559e+00  
0 4.4054637477e+00  7.9018206456e+00  7.8526200585e+00  -1.5072178338e+00  -7.0509140985e-01  5.6095311234e-01  
0 7.0273049503e+00  5.2291802231e+00  5.2854604855e+00  -1.7374755198e+00  3.3368551401e-01  -1.8109370407e+00  
0 7.8601347515e+00  6.1035600988e+00  6.1370601115e+00  1.1975222448e+00  1.2718277146e+00  2.9045724139e-01  
0 5.2763027618e+00  7.0296246617e+00  5.2472406235e+00  -8.2660929361e-01  -2.9495344680e-01  1.4945083660e-01  
0 6.1166540287e+00  7.9278157526e+00  6.1322014335e+00  3.9395490227e-01  -8.8750084323e-01  -6.6365194229e-01  
0 6.9660430920e+00  8.7954749773e+00  5.2620150281e+00  2.0739570599e+00  -1.2901039469e+00  -1.8656970018e-01  
0 8.7891292975e+00  6.9742319557e+00  5.2449434689e+00  -1.3810466653e+00  1.6801938877e+00  1.4673797931e+00  
0 5.2542830767e+00  5.2366262273e+00  6.9643887289e+00  -3.7610778591e-01  -4.9838863476e-02  1.4931642508e+00  
0 6.0984674355e+00  6.0926848213e+00  7.8791762276e+00  7.6043020720e-01  1.6506164740e+00  -1.1021538488e+00  
0 7.0015428994e+00  5.2834705641e+00  8.7246541015e+00  3.3436379104e-01  -1.6647177006e+00  1.2569696957e+00  
0 8.7679376620e+00  5.2408383727e+00  7.0182962742e+00  -1.2182022149e+00  3.9590785328e-01  -9.6865674060e-02  
0 5.2185693791e+00  6.9733248944e+00  8.7281880494e+00  1.6764916636e+00  8.3490929123e-01  -1.4530878320e-01  
0 5.2610534195e+00  8.7938497776e+00  6.9755813046e+00  -6.3378141577e-01  -1.0822511096e+00  1.6912297607e+00  
0 6.9766584221e+00  7.0141593909e+00  6.9823414916e+00  8.7440158047e-01  1.2198843858e-01  1.0748249756e+00  
0 6.9871444946e+00  8.7599746549e+00  8.7678623954e+00  -9.3571650283e-02  -4.5674125276e-01  -1.5338179560e+00  
0 8.7412805290e+00  7.0285788258e+00  8.7213858133e+00  6.3468547824e-01  -1.9371955711e+00  2.4322824694e+00  
0 8.7482998757e+00  8.7725145116e+00  7.0249034440e+00  3.1181272754e-02  -1.4875991155e-01  -3.4425388313e-01  
0 7.8878284725e+00  7.8872438316e+00  7.9051668507e+00  -1.3078293402e+00  2.7220040227e-01  -1.9933865476e+00  
0 1.0476236337e+01  5.2192817366e+00  5.2744509767e+00  1.8290586888e+00  8.2460016491e-01  -2.4116226150e-01  
0 1.1417383269e+01  6.1080214804e+00  6.1447259776e+00  -1.3246172137e+00  5.3463260108e-02  -3.4134832837e-01  
0 9.6626286777e+00  7.9027423936e+00  6.1495943536e+00  -1.4268497065e+00  -1.1263820752e+00  -4.0181453073e-01  
0 1.0521107623e+01  8.7654972132e+00  5.2793712989e+00  2.2890141518e-01  -7.6446786950e-01  -1.1152892157e+00  
0 1.2281823502e+01  7.0122198755e+00  5.2738992086e+00  -1.1357742588e+00  -6.3926408127e-01  -1.1554101083e+00  
0 1.3115481336e+01  7.9084773065e+00  6.0934116100e+00  3.6401419487e-01  -1.1068803142e+00  1.5657981357e+00  
0 9.5991079334e+00  6.1073709647e+00  7.9057993821e+00  9.9468585212e-01  5.5477667520e-01  -1.6442079739e+00  
0 1.0483052291e+01  5.2401918559e+00  8.7574542001e+00  1.2691104229e+00  -2.5386828323e-01  -4.4459192422e-01  
0 1.2286986934e+01  5.2047741577e+00  6.9665936317e+00  -1.6285330287e+00  6.9184903806e-01  1.8883927480e+00  
0 1.3098085251e+01  6.1424327335e+00  7.8783638774e+00  1.5549171456e+00  -7.9318742796e-01  -1.1188988073e+00  
0 1.0507773806e+01  6.9750088850e+00  7.0312022654e+00  -1.2285265173e-01  3.2080035386e-01  -1.2055061358e+00  
0 1.0466829543e+01  8.7526935959e+00  8.7713919684e+00  1.4117111646e+00  -4.3181075607e-01  -7.0893009180e-01  
0 1.2228119513e+01  7.0146950532e+00  8.7225427542e+00  6.1908891906e-01  -4.3021630920e-01  7.0551336415e-01  
0 1.2239499887e+01  8.7710677332e+00  6.9874792077e+00  4.5142541376e-01  -5.1497266240e-01  -9.9222425960e-02  
0 1.1345341703e+01  7.8898295752e+00  7.8432586002e+00  9.7552987403e-01  1.0767393828e-02  1.7218912410e+00  
0 9.0137298372e-01  9.6568879758e+00  6.1388901987e+00  -1.7875753436e+00  -2.0768429907e+00  -7.7526505568e-01  
0 4.3603610108e+00  9.6205789690e+00  6.1537385300e+00  -2.6662304551e-01  7.0712213799e-01  -2.1957907991e+00  
0 -7.4039277689e-03  1.2262477007e+01  5.2994017943e+00  2.3431979105e-01  -1.3260391188e+00  -1.2370872420e+00  
0 1.7244135507e+00  1.0487046121e+01  5.2181382632e+00  1.8321314494e+00  8.8323192619e-01  2.1138433188e+00  
0 8.5216482899e-01  1.3114921205e+01  6.1528829222e+00  1.0678340804e+00  1.2403180083e+00  -1.3557980149e+00  
0 2.6062449000e+00  1.1400293193e+01  6.1244566578e+00  2.7585384661e-01  -6.5521252714e-01  -8.3268433608e-01  
0 3.4878812244e+00  1.2243772773e+01  5.2382431792e+00  8.7392199268e-01  9.0760775020e-01  5.2177251869e-01  
0 4.4082979679e+00  1.3124850557e+01  6.1390396459e+00  -9.0531081177e-01  3.7755861350e-01  -4.1671493217e-01  
0 2.5873992434e+00  9.6018704765e+00  7.8779022102e+00  1.4920869805e+00  4.8109159708e-01  4.8951909471e-02  
0 2.1916496492e-02  1.0488808321e+01  7.0285265369e+00  -1.7143598391e+00  9.5357648544e-01  -1.9385887414e+00  
0 1.7480332748e-02  1.2239454994e+01  8.7214235321e+00  -9.7948786334e-01  9.0899727484e-01  9.2761100909e-01  
0 1.7062847366e+00  1.0495485326e+01  8.7215183294e+00  1.4770166131e+00  -4.9463206286e-01  1.1571148466e+00  
0 1.7455367096e+00  1.2281436284e+01  6.9671592563e+00  -7.2364964652e-01  -1.9266605055e+00  2.0246552266e+00  
0 8.6442214115e-01  1.1366297284e+01  7.8868987266e+00  7.4927894286e-01  7.8033021018e-01  -1.5423740340e+00  
0 2.5879859779e+00  1.3117649641e+01  7.8678992130e+00  1.9171398353e+00  3.8550986971e-01  -2.7762657933e-02  
0 3.4859854370e+00  1.0522207353e+01  6.9831154264e+00  5.1617692477e-02  -9.0464322761e-01  1.4939348215e+00  
0 3.4571586563e+00  1.2225919684e+01  8.7305378479e+00  6.6838034859e-01  8.7518892117e-01  1.0734096069e+00  
0 4.3904367524e+00  1.1376166266e+01  7.9085259405e+00  -1.5891945194e+00  8.0663305696e-01  -1.4940124558e+00  
0 7.8767519885e+00  9.6666250509e+00  6.1538121228e+00  7.7231037850e-02  -1.2791801129e+00  -1.3417591662e+00  
0 5.2336347942e+00  1.0520945243e+01  5.2181222364e+00  -4.1935804101e-02  -7.0013476878e-01  2.4274221148e+00  
0 6.0944635619e+00  1.1405776284e+01  6.1295785387e+00  7.7555045932e-01  -9.1074245967e-01  1.9484030115e-01  
0 6.9731426885e+00  1.2219429509e+01  5.2757350097e+00  6.0330950920e-01  1.9663786713e+00  -1.5018691655e+00  
0 8.7829327372e+00  1.0478022268e+01  5.2269077116e+00  -1.4931742964e+00  5.1650832926e-01  1.2578272704e+00  
0 7.8264737431e+00  1.3159071908e+01  6.0920046012e+00  1.2948358886e+00  -1.7617745176e+00  1.9628003519e+00  
0 6.1112059841e+00  9.6577433826e+00  7.8508707151e+00  4.9919517851e-01  -1.5689142753e-01  1.0996607177e+00  
0 5.2304948839e+00  1.0529070880e+01  8.7836862536e+00  4.0406021400e-01  -1.3965998072e+00  -1.7483999291e+00  
0 5.2645993858e+00  1.2286977064e+01  7.0385843525e+00  -6.2969023635e-01  -1.6012545985e+00  -7.5414885544e-01  
0 6.1244018448e+00  1.3127177717e+01  7.9119689555e+00  2.2650936720e-01  8.0853843176e-01  -4.1004839384e-01  
0 6.9940644662e+00  1.0545527009e+01  6.9705615478e+00  -1.8691869291e-01  -5.0503252379e-01  1.8684000266e+00  
0 6.9749688422e+00  1.2286653406e+01  8.7747630454e+00  7.6538777434e-01  -1.6178871855e+00  -6.4704157855e-01  
0 8.7129991715e+00  1.0527435155e+01  8.7343985976e+00  1.3765765483e+00  -6.4825776495e-01  1.4436340942e+00  
0 8.7119526970e+00  1.2260040175e+01  6.9872324473e+00  8.6779226615e-01  -3.6980427157e-01  1.9794802061e-01  
0 7.8673416048e+00  1.1410267340e+01  7.8975662472e+00  -8.9360883698e-01  -3.8511388883e-01  -9.8358974697e-01  
0 1.1403954429e+01  9.6253499606e+00  6.1093635163e+00  -1.4450208975e+00  9.3122533636e-01  1.1373276037e+00  
0 9.5908586524e+00  1.1346249022e+01  6.1105205320e+00  2.1641678041e+00  1.2212081665e+00  1.0269187318e+00  
0 1.0487138321e+01  1.2226620610e+01  5.2190632219e+00  1.1339327470e+00  4.9000872419e-01  1.8713721472e+00  
0 1.2213780640e+01  1.0537811594e+01  5.2641466428e+00  1.6092802070e+00  -1.1937885879e+00  -4.6664263022e-01  
0 1.1397220557e+01  1.3114030446e+01  6.1536936981e+00  -2.1987365970e+00  5.4199313223e-02  -1.1135105147e+00  
0 1.3078791414e+01  1.1391425023e+01  6.1373012104e+00  1.5314932782e+00  -7.4324705679e-01  8.6004030871e-01  
0 9.6395798041e+00  9.6315160709e+00  7.9190704494e+00  -1.2171572136e+00  3.1246000188e-01  -1.5512011800e+00  
0 1.3136552298e+01  9.5966670227e+00  7.8556574384e+00  -1.0171205257e+00  1.5195332808e+00  6.5195447202e-01  
0 9.6114935149e+00  1.3127625281e+01  7.8948049901e+00  -5.5605675297e-01  -2.1111056588e-01  -1.0094992572e+00  
0 1.0536683781e+01  1.0492223349e+01  7.0286667441e+00  -2.0009935791e+00  -1.5029789117e-01  -7.6959594437e-01  
0 1.0459322642e+01  1.2242108220e+01  8.7479915800e+00  1.4757548474e+00  1.9778842127e-01  1.0397246429e+00  
0 1.2280322325e+01  1.0488343726e+01  8.7773737940e+00  -1.7147955276e+00  -2.7327635342e-01  -1.3380897562e+00  
0 1.2231296811e+01  1.2267776759e+01  7.0434447386e+00  4.7401679694e-01  -9.0817263681e-01  -8.7290951987e-01  
0 1.1351611064e+01  1.1348325239e+01  7.9127057571e+00  1.1364800080e+00  1.5301179350e+00  -6.8585112684e-01  
0 1.3141169319e+01  1.3116824854e+01  7.8553407415e+00  -5.2039819679e-01  3.8291554912e-01  1.9283644211e+00  
0 8.7146651145e-01  2.6548445668e+00  9.6250242487e+00  -3.3571854279e-01  -2.0594753686e+00  2.8764032459e-01  
0 2.5915107896e+00  8.4921868950e-01  9.5961644877e+00  1.8502352598e+00  1.2071625662e+00  2.4593226406e+00  
0 4.4012749762e+00  2.6559432801e+00  9.6653170814e+00  -8.5734681286e-01  -1.7314879462e+00  -1.6946524068e+00  
0 2.6089491823e+00  4.3723210228e+00  9.6130402950e+00  7.1842142570e-01  -3.0446056433e-01  3.7586798141e-01  
0 3.9678668319e-02  -2.6966723175e-02  1.0525873545e+01  -1.1510256651e+00  1.0352280367e+00  -1.1154866230e+00  
0 -3.8569784131e-02  1.7159305727e+00  1.2294437679e+01  1.6372779377e+00  1.2772001875e+00  -1.5482430221e+00  
0 1.7526844560e+00  1.9449352096e-02  1.2234927754e+01  1.2392788056e+00  -4.9953572034e-01  1.6600226584e+00  
0 1.7342804302e+00  1.7373946155e+00  1.0528976697e+01  2.2306222125e-01  4.1671576773e-01  -1.6207299008e+00  
0 9.0328218258e-01  8.6449119030e-01  1.1415228424e+01  -2.0417887766e+00  5.3332575449e-01  -1.6070011585e+00  
0 9.1022396334e-01  2.6431958149e+00  1.3142428185e+01  -1.6743132133e+00  -1.1136375374e+00  -1.2472412710e-02  
0 2.6365669156e+00  8.8879051012e-01  1.3141933901e+01  -5.2628920577e-01  -1.9639787543e-01  -4.0611947030e-01  
0 2.5999767060e+00  2.6081468508e+00  1.1366759507e+01  9.0171633013e-01  1.1138476025e+00  4.2931941218e-01  
0 3.4958472225e+00  -6.3196405703e-03  1.0485038653e+01  -5.0262141862e-01  1.1712412343e+00  6.3081567121e-01  
0 3.4722340717e+00  1.7387281489e+00  1.2227963445e+01  1.2817777065e+00  9.2108720298e-01  7.9647875257e-01  
0 4.3646780881e+00  9.0832043024e-01  1.1359281313e+01  3.1758160850e-01  -2.1735864387e+00  6.3793303145e-01  
0 4.3868235428e+00  2.6172259311e+00  1.3117108553e+01  -3.6920864930e-01  6.1120866125e-01  -5.3945182220e-01  
0 -2.0911052907e-02  3.4685386462e+00  1.0489302486e+01  1.1403504948e+00  1.9385766591e+00  5.0887304934e-01  
0 1.7304903659e+00  3.5043926318e+00  1.2220042682e+01  5.8571449713e-01  2.2021464715e-01  1.8144724649e+00  
0 8.5247930887e-01  4.3863298629e+00  1.1401465448e+01  4.3571303813e-01  -2.0784117580e-01  -1.9350756295e+00  
0 2.6090684828e+00  4.3991555706e+00  1.3143521182e+01  5.6694230850e-01  -1.1710654353e+00  -1.5764866499e+00  
0 3.5270000679e+00  3.4832394286e+00  1.0523309592e+01  -1.7438843377e+00  1.1168298292e+00  -7.2430469881e-01  
0 4.3969019484e+00  4.3885497452e+00  1.1356242700e+01  -1.3255330294e+00  -3.3554411052e-01  1.4718064409e+00  
0 6.0955852752e+00  8.9733527145e-01  9.6511068913e+00  1.2494076697e+00  -1.5996003258e+00  -1.3141552136e-01  
0 7.8395818888e+00  2.6420562474e+00  9.6089143786e+00  1.7395154193e+00  -1.4907658155e+00  1.5965009301e+00  
0 6.1348145189e+00  4.3774954004e+00  9.6180628619e+00  3.4035372580e-01  1.5536247313e+00  6.9218107401e-02  
0 5.2458931485e+00  -2.6575713564e-02  1.2245677560e+01  5.3655974676e-03  1.8286794718e+00  8.0191209384e-02  
0 5.2640814992e+00  1.7295602285e+00  1.0525810601e+01  -1.3107071627e+00  1.4444365893e+00  -1.0077658926e+00  
0 6.1333845256e+00  8.4107127666e-01  1.3134925199e+01  -4.6341114898e-01  2.1460199956e+00  -1.6502867189e+00  
0 6.0947019984e+00  2.6465552848e+00  1.1336291982e+01  1.8772457791e+00  -6.5045809732e-01  1.9010772536e+00  
0 6.9713591584e+00  -1.0757634957e-02  1.0517785533e+01  1.5588113773e+00  4.3386190284e-01  1.1405035039e-01  
0 7.0225213153e+00  1.7731118646e+00  1.2213695930e+01  -1.8999764967e+00  -9.6149253546e-01  7.0616392861e-01  
0 8.7208189462e+00  2.4193082566e-02  1.2269308129e+01  1.2864380624e+00  -1.9484924622e+00  -8.8736802585e-01  
0 8.7806884898e+00  1.7110194283e+00  1.0500496834e+01  -1.0187788980e+00  1.9324921117e+00  -2.6924288849e-01  
0 7.9008367995e+00  8.8009883118e-01  1.1385807528e+01  -1.4547556252e+00  -3.3724261412e-01  -1.1507737727e+00  
0 7.8731720680e+00  2.6054613206e+00  1.3081896885e+01  5.3787626124e-01  1.6997254147e+00  1.3509110354e+00  
0 5.2745948119e+00  3.5369418260e+00  1.2250928832e+01  -7.0994736778e-01  -1.3909517926e+00  -5.1311492747e-01  
0 6.1565431442e+00  4.3960442280e+00  1.3125833897e+01  -7.1534051532e-01  -8.7868098202e-01  -5.9280131130e-01  
0 6.9646640410e+00  3.4949845972e+00  1.0459076404e+01  2.0658447664e+00  1.0959759000e+00  2.1814949048e+00  
0 8.7815156204e+00  3.4984685290e+00  1.2235483804e+01  -5.5864954931e-01  -5.4632775998e-01  1.2573385838e-01  
0 7.9126325678e+00  4.3642899616e+00  1.1398318622e+01  -1.6789174952e+00  7.2599306514e-01  -2.7019309476e+00  
0 9.6621790672e+00  8.5181731616e-01  9.6530706174e+00  -1.4281634201e+00  6.2433587748e-01  -1.6274426269e+00  
0 1.1353329906e+01  2.6156145621e+00  9.5967936935e+00  9.6843466042e-01  -6.2498989956e-01  9.9870644372e-01  
0 1.3146645054e+01  8.7052471724e-01  9.6352879840e+00  -1.1274478880e-01  -2.1028457066e-01  8.6866755655e-02  
0 9.5909670684e+00  4.3695185204e+00  9.6444808081e+00  1.7853260999e+00  -5.2015383833e-02  -8.5880088887e-01  
0 1.3158962445e+01  4.3911335147e+00  9.6210391221e+00  -1.4623551512e+00  -1.9184113886e+00  -6.4726182300e-01  
0 9.5995514722e+00  8.3624302095e-01  1.3145079007e+01  1.0943804654e+00  1.9778824777e+00  -1.0296182648e+00  
0 9.6640902343e+00  2.5818877268e+00  1.1382646271e+01  -8.6669987634e-01  1.5294714985e+00  -3.7496520953e-01  
0 1.0543378533e+01  2.7247087682e-02  1.0492454443e+01  -1.3171011975e+00  -1.4100849140e+00  8.6093836158e-01  
0 1.0520819190e+01  1.7344775081e+00  1.2261909321e+01  -6.5433399707e-01  -1.0680948959e-01  2.5985430066e-01  
0 1.2253535640e+01  -2.0084578135e-02  1.2254288627e+01  3.4507388415e-01  1.8241931953e-01  -6.0718128803e-01  
0 1.2259349409e+01  1.7171689988e+00  1.0533601817e+01  -5.0348786733e-01  1.3204422055e+00  -1.6152252230e+00  
0 1.1378366966e+01  8.6636402391e-01  1.1402471372e+01  9.5433308880e-01  -9.7673833528e-02  -4.5121573352e-01  
0 1.1376038361e+01  2.6588027290e+00  1.3128636923e+01  -2.9325439791e-01  -1.3268031824e+00  2.9999816550e-01  
0 1.3108621720e+01  8.3108121697e-01  1.3137395514e+01  -1.6244739675e-01  1.2686788960e+00  7.2683220793e-02  
0 1.3105365862e+01  2.6517763205e+00  1.1356552561e+01  3.6358589219e-01  -1.9749010420e+00  1.6809303052e+00  
0 9.6264444402e+00  4.3687143284e+00  1.3099592896e+01  -3.6406701518e-01  9.5960649718e-01  8.8460919651e-01  
0 1.0521444320e+01  3.5138211069e+00  1.0509603246e+01  -1.0591566701e+00  -9.7615420195e-01  -9.7095281653e-01  
0 1.2244435586e+01  3.5050863736e+00  1.2271676353e+01  1.0790662283e-01  4.2657780577e-01  -1.1746279258e+00  
0 1.1395137275e+01  4.3826503360e+00  1.1348081285e+01  -4.3568931259e-01  1.9307909008e-01  1.2957751367e+00  
0 1.3111109378e+01  4.3870591985e+00  1.3101469077e+01  -3.7467902637e-01  -2.8991272759e-01  1.0811289534e+00  
0 8.5955968521e-01  6.1263988105e+00  9.6014740042e+00  1.0225163772e+00  2.9878242571e-01  1.0914070516e+00  
0 4.3670694956e+00  6.1505467615e+00  9.6060619236e+00  -1.4461431501e-02  -2.3218569972e+00  3.0749395124e-01  
0 2.6274612376e+00  7.8947926702e+00  9.6605067198e+00  8.1533916432e-01  -2.2611273547e+00  -1.6398885765e+00  
0 -2.4137635782e-02  5.2725098161e+00  1.2227419348e+01  1.3220352910e+00  -7.3203615343e-02  2.1578106979e+00  
0 1.7489634505e+00  5.2729154248e+00  1.0509232699e+01  -6.3594370223e-02  -1.1296801513e+00  1.4006352516e-02  
0 8.9436315443e-01  6.1614081215e+00  1.3163012461e+01  -1.4793339462e+00  -8.6363945709e-01  -1.6235991067e+00  
0 2.6623775897e+00  6.1213787469e+00  1.1398074430e+01  -1.6727422000e+00  5.2943981933e-01  -1.1103379269e+00  
0 3.4910902865e+00  5.2723582359e+00  1.2264405783e+01  9.5257203605e-01  -1.2514536756e+00  -7.2558304766e-01  
0 4.4167609861e+00  6.1044096715e+00  1.3111409484e+01  -1.4211126788e+00  3.1707404048e-01  1.0747470440e+00  
0 -8.5667980593e-03  6.9970627660e+00  1.0509689671e+01  4.7500158490e-01  5.8409997159e-01  -1.2530976800e+00  
0 -4.7741283965e-03  8.7394474154e+00  1.2257061381e+01  1.9026743450e-01  7.3314306976e-01  -1.2165168612e+00  
0 1.7612604745e+00  7.0244861696e+00  1.2248446531e+01  1.4175719850e-01  -1.1832486705e+00  5.0483347560e-01  
0 1.7732623329e+00  8.7411600732e+00  1.0479390840e+01  -1.9286214230e+00  5.7707758360e-01  1.2106089696e+00  
0 8.9224849062e-01  7.8669039319e+00  1.1364370761e+01  -4.5071476014e-01  4.9948386488e-01  4.2678278986e-01  
0 2.6612627622e+00  7.8405431355e+00  1.3159688186e+01  -1.3722079866e+00  1.2763543195e+00  -1.0159072625e+00  
0 3.5261218774e+00  6.9598366077e+00  1.0511727960e+01  -1.2305797770e+00  1.7311894695e+00  -2.4442794019e-02  
0 3.4694460056e+00  8.7148548210e+00  1.2281405042e+01  2.2181887657e+00  1.6364122189e+00  -1.2873777350e+00  
0 4.3799150025e+00  7.8710938321e+00  1.1378349554e+01  -2.5170632122e-01  -9.2597935608e-01  5.2772288805e-01  
0 7.8759697080e+00  6.1328100065e+00  9.6498192797e+00  8.7910595205e-02  2.0641533987e-01  -1.8521379182e+00  
0 6.0917736971e+00  7.8475249292e+00  9.5870623101e+00  9.9237598456e-01  9.5284339553e-01  1.3168874167e+00  
0 5.2525348973e+00  5.2298349380e+00  1.0476506447e+01  -3.3064487357e-02  1.8691957150e+00  5.4425314166e-01  
0 6.0956565894e+00  6.1357005475e+00  1.1400390454e+01  2.3937407257e+00  -6.3094234155e-01  -1.7774639420e+00  
0 7.0013135209e+00  5.2589586170e+00  1.2243803720e+01  9.5824430925e-01  5.3765660395e-02  8.3408910497e-01  
0 8.7805261767e+00  5.2712605629e+00  1.0465156600e+01  -2.0496913151e+00  -8.1429606699e-01  2.2201347697e+00  
0 7.9141883366e+00  6.1304654025e+00  1.3166578920e+01  -1.8686784048e+00  -5.6894138549e-01  -1.3929566458e+00  
0 5.2730902536e+00  6.9838650777e+00  1.2277793505e+01  -1.7167660202e+00  5.6834051481e-01  -1.5306829131e+00  
0 5.2144374094e+00  8.7079787099e+00  1.0457000586e+01  9.1455857850e-01  1.2079844027e+00  1.5292787893e+00  
0 6.1008963250e+00  7.8623070440e+00  1.3111599636e+01  1.8419225399e+00  5.0959476358e-01  1.5728476014e+00  
0 7.0202993123e+00  7.0114937764e+00  1.0491992979e+01  -1.1880218509e+00  -8.4134736981e-01  6.5922288591e-01  
0 7.0240223778e+00  8.7470293468e+00  1.2224162811e+01  -1.2046304277e+00  -3.8346631398e-01  1.3419194341e+00  
0 8.7560092039e+00  6.9577008344e+00  1.2267339404e+01  4.2105192568e-01  1.4251947807e+00  -8.5806455899e-01  
0 8.7263701679e+00  8.7816281783e+00  1.0527916758e+01  1.5421952063e+00  -1.6115969531e+00  -9.6589379443e-01  
0 7.8985208645e+00  7.8587008145e+00  1.1394507058e+01  -1.2350879225e+00  4.2444529049e-01  -6.9650448028e-01  
0 1.1405669146e+01  6.1353606230e+00  9.5894647477e+00  -1.2980525941e+00  -8.3034375990e-01  1.8701466869e+00  
0 9.6439411087e+00  7.8403965655e+00  9.6413251700e+00  -1.5069838474e+00  2.0486378057e+00  -8.4757147567e-02  
0 1.3094540889e+01  7.8662458557e+00  9.6263181316e+00  1.1397685705e+00  7.5151096860e-01  -4.0768135226e-01  
0 9.6100384886e+00  6.1058842893e+00  1.1367517203e+01  1.3359922609e+00  9.5516778739e-01  2.6866934434e-01  
0 1.0486078273e+01  5.2768246837e+00  1.2250733274e+01  8.0431014127e-01  -1.1465991951e+00  -4.0592661950e-01  
0 1.2293062236e+01  5.2320662127e+00  1.0506843333e+01  -1.0240538825e+00  1.6374814691e+00  -1.1158198186e+00  
0 1.1366261056e+01  6.1536391459e+00  1.3135881657e+01  6.9338638247e-01  -1.5317712143e+00  -5.0533098369e-01  
0 1.3148757510e+01  6.1624648410e+00  1.1373025093e+01  -1.6088686053e+00  -1.3224549455e+00  4.1184117959e-01  
0 9.6539394664e+00  7.8675872941e+00  1.3101434662e+01  -1.1822208004e+00  1.2338514546e-01  7.1253468345e-01  
0 1.0518773027e+01  7.0088753873e+00  1.0526075497e+01  -4.5227232234e-01  -8.5640437732e-01  -9.7177061344e-01  
0 1.0469241990e+01  8.7817811525e+00  1.2217628302e+01  1.6723377891e+00  -1.8963938137e+00  2.0974960683e+00  
0 1.2235319097e+01  6.9964446066e+00  1.2249773079e+01  3.1590867899e-01  9.7926990933e-01  3.6062585556e-01  
0 1.2270069226e+01  8.7471664654e+00  1.0532694406e+01  -1.3020981125e+00  1.5347290593e-02  -1.6562214047e+00  
0 1.1368537182e+01  7.8841700806e+00  1.1397485463e+01  7.6092486818e-02  -8.8376959347e-02  -9.9661679054e-01  
0 1.3080133696e+01  7.9157789988e+00  1.3103339397e+01  1.3891810067e+00  -1.6227039177e+00  1.0404638882e+00  
0 8.4940580892e-01  9.5968715733e+00  9.5967698272e+00  8.9625328526e-01  8.8829000181e-01  6.6177276903e-01  
0 4.3469721392e+00  9.5856532712e+00  9.6027912166e+00  1.3931481672e+00  1.9971989407e+00  1.5171266495e+00  
0 8.8263084955e-01  1.3132152582e+01  9.5964482610e+00  -1.0563198757e-01  -7.0709393956e-01  1.0453888229e+00  
0 2.5812483997e+00  1.1336556719e+01  9.6075559403e+00  6.6486767927e-01  1.1997787955e+00  -5.5226591515e-02  
0 4.3370579949e+00  1.3147545308e+01  9.6436499538e+00  1.3469525894e+00  -1.5201187849e+00  -1.7103311411e+00  
0 8.5305674335e-01  9.6104017147e+00  1.3112631780e+01  1.2047602623e+00  4.0968455404e-01  -3.9675096397e-01  
0 2.6196521362e+00  9.6320185870e+00  1.1387096512e+01  -3.8656672120e-01  -7.1515546668e-01  -8.2606548667e-02  
0 4.3725795362e+00  9.6627606077e+00  1.3118493190e+01  -9.9636566276e-01  -1.4469383641e+00  8.8735435183e-01  
0 2.7355830780e-02  1.0525381545e+01  1.0470794000e+01  -1.0055713814e+00  -1.1826710926e+00  9.0792212063e-01  
0 5.2072654239e-03  1.2236030742e+01  1.2228653852e+01  1.0102077284e-01  5.9491902902e-01  1.2850365968e+00  
0 1.7400895150e+00  1.0497611190e+01  1.2221459025e+01  2.9132766299e-01  7.3514253904e-03  1.9879154148e+00  
0 1.7190543661e+00  1.2248211640e+01  1.0483836953e+01  1.8665707393e+00  1.1525548120e-03  5.2191363170e-01  
0 9.0356568482e-01  1.1359922474e+01  1.1393187750e+01  -1.8699468441e+00  1.1092862602e+00  -1.8784036904e+00  
0 9.1005976865e-01  1.3161264171e+01  1.3115891614e+01  -1.4724776084e+00  -1.1305019244e+00  7.4676834528e-01  
0 2.5860912729e+00  1.1407255607e+01  1.3133619896e+01  1.8093829101e+00  -4.6603180860e-01  -9.9116611315e-01  
0 2.6523029646e+00  1.3145847745e+01  1.1364437614e+01  -2.2439169295e+00  -4.9036011688e-01  -4.1820487665e-01  
0 3.4644031896e+00  1.0489657024e+01  1.0468681289e+01  1.5260911897e+00  1.6068734661e-01  1.5863147664e+00  
0 3.4682117020e+00  1.2273699146e+01  1.2224561582e+01  1.3572096265e+00  -4.3909044915e-01  1.4161250967e+00  
0 4.3985673293e+00  1.1402209554e+01  1.1402726106e+01  -2.1332924385e+00  -1.9172899570e+00  -2.0931140319e+00  
0 4.3742988258e+00  1.3156596334e+01  1.3109282736e+01  -5.7578678196e-01  -1.1121831529e+00  7.5519605433e-01  
0 7.8688758828e+00  9.6126018593e+00  9.6057494479e+00  -5.5648822004e-01  9.4711967582e-01  1.0123979668e+00  
0 6.1122115134e+00  1.1405962415e+01  9.6024995284e+00  1.9348851573e-02  -1.3357321048e+00  1.3350891949e+00  
0 7.8706302863e+00  1.3107140554e+01  9.6308823630e+00  -2.9566694267e-01  1.5419907878e+00  7.4642822112e-01  
0 6.1039592917e+00  9.5905214846e+00  1.1365103614e+01  4.4162619889e-01  9.1966931218e-01  -8.5019202411e-01  
0 7.8711246653e+00  9.6250662430e+00  1.3148719145e+01  7.6669314157e-01  -1.2203846933e-01  -1.9520235958e+00  
0 5.2364344149e+00  1.0475634591e+01  1.2244261858e+01  5.8887761209e-01  7.7849800121e-01  -2.7568940798e-01  
0 5.2320875011e+00  1.2231752536e+01  1.0469167631e+01  8.2047976598e-01  1.7619517116e+00  1.8811038406e+00  
0 6.1284675526e+00  1.1342744943e+01  1.3097026535e+01  2.6801433979e-02  5.6482255050e-01  1.3291545972e+00  
0 6.1476796167e+00  1.3119811106e+01  1.1411789950e+01  -1.7509234046e+00  -7.0296516845e-01  -1.8049230518e+00  
0 7.0011658985e+00  1.0514239720e+01  1.0464149953e+01  -5.4497893840e-01  -1.5424460347e-01  1.0490810636e+00  
0 7.0177569384e+00  1.2207846057e+01  1.2268004116e+01  -9.0726013932e-01  1.3060713811e+00  -1.0626866085e+00  
0 8.7656018109e+00  1.0537772635e+01  1.2254395686e+01  -1.2154358537e+00  -1.4319836773e+00  -1.7617461105e-02  
0 8.7744099875e+00  1.2263146144e+01  1.0518852718e+01  -1.4293668582e+00  2.5553415119e-02  -8.2953860135e-01  
0 7.8693593993e+00  1.1388384552e+01  1.1356203899e+01  5.0822707984e-01  -4.8228159906e-01  8.5365171503e-01  
0 7.8386006314e+00  1.3142874217e+01  1.3125499364e+01  1.9385745802e+00  -1.1683867929e+00  -2.6235066949e-02  
0 1.1345679689e+01  9.5983071408e+00  9.6038849836e+00  1.2650719842e+00  1.1067219974e+00  2.2616880828e+00  
0 9.6086172637e+00  1.1386866570e+01  9.6587284616e+00  2.1567314778e-01  -3.7350345355e-01  -6.0997870568e-01  
0 1.1378834599e+01  1.3137875801e+01  9.6318669821e+00  2.8023924108e-01  -5.9314901177e-01  -6.5956830621e-01  
0 1.3114871552e+01  1.1380345818e+01  9.6095441521e+00  1.1755509236e+00  -8.2018903370e-02  3.4081209173e-01  
0 9.6231010921e+00  9.6232692039e+00  1.1401550086e+01  -9.4436887788e-01  1.1779658568e+00  -1.2069226430e+00  
0 1.1375446669e+01  9.6270768746e+00  1.3089300843e+01  -5.6105710504e-01  1.3699905496e-01  1.5552382297e+00  
0 1.3126578375e+01  9.6576359515e+00  1.1353070537e+01  4.7916474954e-01  -1.3238681764e+00  7.5705299817e-01  
0 9.6159662511e+00  1.1417256723e+01  1.3105933775e+01  -5.7103067696e-02  -5.9834550963e-01  1.2858566087e+00  
0 9.6364697569e+00  1.3145792378e+01  1.1363592032e+01  -3.7911702186e-01  -1.6212340534e-01  7.9527753762e-01  
0 1.0477758604e+01  1.0485842479e+01  1.0531120049e+01  9.2537672423e-01  7.2843123038e-01  -1.3424441383e+00  
0 1.0491072405e+01  1.2256903315e+01  1.2228870620e+01  1.0932402187e+00  8.1907626101e-01  1.3468976338e+00  
0 1.2253713219e+01  1.0469706624e+01  1.2250792247e+01  8.1045818958e-02  2.3062304118e+00  -1.7257302940e-01  
0 1.2267294114e+01  1.2242887759e+01  1.0474258243e+01  -5.7235024776e-01  3.6548718059e-01  5.9161213486e-01  
0 1.1413403114e+01  1.1397418375e+01  1.1393020959e+01  -1.3951204609e+00  -1.0486419286e+00  -1.0620097671e+00  
0 1.1411218186e+01  1.3138579719e+01  1.3111504981e+01  -1.8214518073e+00  -1.0399022845e+00  6.5406203777e-01  
0 1.3112859138e+01  1.1393110761e+01  1.3143352864e+01  6.5144157022e-01  -7.9685324866e-01  -7.6862238101e-01  
0 1.3118572652e+01  1.3114168674e+01  1.1339780341e+01  1.0371226747e+00  2.2853171887e-02  1.2621620895e+00  
